     D47, SE_D47,      D48, SE_D48, pvalue_eq,     Teq,  SE_Teq, correl_Teq,          ,          ,          ,         ,         ,         ,          ,     Tkp,  SE_Tkp, correl_Tkp,          ,         ,         ,         ,         ,          ,          , correl_D47_Tkp,          ,          ,          ,          ,          ,          ,          , correl_D48_Tkp,          ,          ,          ,          ,          ,          ,          , correl_Teq_Tkp,          ,          ,          ,         ,         ,         ,          
     0.2,  0.005,     0.15,  0.015, 0.0783659, 706.617, 72.4906,   1.000000,  0.112901,  0.082194,  0.059896, 0.040763, 0.022531, 0.004714, -0.011750, 484.305, 85.7286,   1.000000,  0.080159, 0.069600, 0.054813, 0.036993, 0.017068, -0.004020, -0.025309,      -0.302719,  0.000000,  0.000000,  0.000000,  0.000000,  0.000000,  0.000000,  0.000000,      -0.908158,  0.000000,  0.000000,  0.000000,  0.000000,  0.000000,  0.000000,  0.000000,       0.023311,  0.017116,  0.012832,  0.009326, 0.006244, 0.003455, 0.000923, -0.001349
0.264286,  0.005, 0.164286,  0.015, 0.0360514,  319.46, 15.5301,   0.112901,  1.000000,  0.218140,  0.197721, 0.158843, 0.102672, 0.031343, -0.047995, 259.235, 27.0528,   0.080159,  1.000000, 0.073995, 0.061228, 0.044931, 0.026149,  0.005875, -0.014901,       0.000000, -0.303036,  0.000000,  0.000000,  0.000000,  0.000000,  0.000000,  0.000000,       0.000000, -0.909107,  0.000000,  0.000000,  0.000000,  0.000000,  0.000000,  0.000000,       0.028687,  0.037839,  0.037247,  0.032456, 0.025085, 0.015965, 0.005729, -0.005052
0.328571,  0.005, 0.178571,  0.015, 0.0444851, 195.676, 7.57725,   0.082194,  0.218140,  1.000000,  0.222965, 0.184071, 0.124090, 0.045582, -0.043407, 167.927, 14.0339,   0.069600,  0.073995, 1.000000, 0.061014, 0.049065, 0.034826,  0.019107,  0.002714,       0.000000,  0.000000, -0.304993,  0.000000,  0.000000,  0.000000,  0.000000,  0.000000,       0.000000,  0.000000, -0.914980,  0.000000,  0.000000,  0.000000,  0.000000,  0.000000,       0.026930,  0.040371,  0.041346,  0.036962, 0.029302, 0.019412, 0.008064, -0.004057
0.392857,  0.005, 0.192857,  0.015, 0.0995869, 128.212, 4.63221,   0.059896,  0.197721,  0.222965,  1.000000, 0.180241, 0.127487, 0.056831, -0.024534, 114.279, 8.93492,   0.054813,  0.061228, 0.061014, 1.000000, 0.051390, 0.043583,  0.034475,  0.024575,       0.000000,  0.000000,  0.000000, -0.307019,  0.000000,  0.000000,  0.000000,  0.000000,       0.000000,  0.000000,  0.000000, -0.921057,  0.000000,  0.000000,  0.000000,  0.000000,       0.023224,  0.037224,  0.039015,  0.035562, 0.028904, 0.020053, 0.009746, -0.001369
0.457143,  0.005, 0.207143,  0.015,  0.277405, 84.0112, 3.11931,   0.040763,  0.158843,  0.184071,  0.180241, 1.000000, 0.119990, 0.066917,  0.004254, 77.6386,  6.3908,   0.036993,  0.044931, 0.049065, 0.051390, 1.000000, 0.052299,  0.051178,  0.049183,       0.000000,  0.000000,  0.000000,  0.000000, -0.307830,  0.000000,  0.000000,  0.000000,       0.000000,  0.000000,  0.000000,  0.000000, -0.923489,  0.000000,  0.000000,  0.000000,       0.017997,  0.030314,  0.032526,  0.030396, 0.025608, 0.018985, 0.011119,  0.002527
0.521429,  0.005, 0.221429,  0.015,  0.699223, 52.1117, 2.25557,   0.022531,  0.102672,  0.124090,  0.127487, 0.119990, 1.000000, 0.075660,  0.041421, 50.4337, 4.94341,   0.017068,  0.026149, 0.034826, 0.043583, 0.052299, 1.000000,  0.068443,  0.075264,       0.000000,  0.000000,  0.000000,  0.000000,  0.000000, -0.306481,  0.000000,  0.000000,       0.000000,  0.000000,  0.000000,  0.000000,  0.000000, -0.919443,  0.000000,  0.000000,       0.011183,  0.019935,  0.022263,  0.021830, 0.019694, 0.016357, 0.012169,  0.007435
0.585714,  0.005, 0.235714,  0.015,  0.688306, 27.6601, 1.76417,   0.004714,  0.031343,  0.045582,  0.056831, 0.066917, 0.075660, 1.000000,  0.084112, 29.1188, 4.00678,  -0.004020,  0.005875, 0.019107, 0.034475, 0.051178, 0.068443,  1.000000,  0.101560,       0.000000,  0.000000,  0.000000,  0.000000,  0.000000,  0.000000, -0.302410,  0.000000,       0.000000,  0.000000,  0.000000,  0.000000,  0.000000,  0.000000, -0.907231,  0.000000,       0.002953,  0.006510,  0.008670,  0.010223, 0.011377, 0.012199, 0.012719,  0.012960
    0.65,  0.005,     0.25,  0.015,  0.220483, 8.12193, 1.46274,  -0.011750, -0.047995, -0.043407, -0.024534, 0.004254, 0.041421, 0.084112,  1.000000, 11.7848, 3.40964,  -0.025309, -0.014901, 0.002714, 0.024575, 0.049183, 0.075264,  0.101560,  1.000000,       0.000000,  0.000000,  0.000000,  0.000000,  0.000000,  0.000000,  0.000000, -0.295484,       0.000000,  0.000000,  0.000000,  0.000000,  0.000000,  0.000000,  0.000000, -0.886452,      -0.005932, -0.008594, -0.006859, -0.003247, 0.001467, 0.006858, 0.012590,  0.018366