     D47, SE_D47,      D48, SE_D48, pvalue_eq,     Teq,  SE_Teq, correl_Teq,          ,          ,          ,         ,         ,         ,          ,     Tkp,  SE_Tkp, correl_Tkp,          ,         ,         ,         ,         ,          ,          , correl_D47_Teq,          ,          ,          ,          ,          ,          ,          , correl_D48_Teq,          ,          ,          ,          ,          ,          ,          , correl_D47_Tkp,          ,          ,          ,          ,          ,          ,          , correl_D48_Tkp,          ,          ,          ,          ,          ,          ,          , correl_Teq_Tkp,          ,          ,          ,         ,         ,         ,          
     0.2,  0.005,     0.15,  0.015, 0.0783659, 706.617, 69.5186,   1.000000,  0.062790,  0.046315,  0.033653, 0.022620, 0.012307, 0.002465, -0.006712, 484.305, 85.7286,   1.000000,  0.080159, 0.069600, 0.054813, 0.036993, 0.017068, -0.004020, -0.025309,      -0.954809, -0.000437, -0.000562, -0.000541, -0.000423, -0.000233,  0.000015,  0.000298,      -0.021138,  0.004713,  0.005999,  0.005752,  0.004395,  0.002138, -0.000831, -0.004234,      -0.302719,  0.000000,  0.000000,  0.000000,  0.000000,  0.000000,  0.000000,  0.000000,      -0.908158,  0.000000,  0.000000,  0.000000,  0.000000,  0.000000,  0.000000,  0.000000,       0.334791,  0.021747,  0.017328,  0.013069, 0.008964, 0.005021, 0.001299, -0.002135
0.264286,  0.005, 0.164286,  0.015, 0.0360514,  319.46, 14.6947,   0.062790,  1.000000,  0.123184,  0.110485, 0.087132, 0.055267, 0.016642, -0.026070, 259.235, 27.0528,   0.080159,  1.000000, 0.073995, 0.061228, 0.044931, 0.026149,  0.005875, -0.014901,       0.000273, -0.936972, -0.000296, -0.000308, -0.000223, -0.000063,  0.000159,  0.000415,      -0.002175, -0.063219, -0.001912, -0.001425, -0.001101, -0.000952, -0.000948, -0.001011,       0.000000, -0.303036,  0.000000,  0.000000,  0.000000,  0.000000,  0.000000,  0.000000,       0.000000, -0.909107,  0.000000,  0.000000,  0.000000,  0.000000,  0.000000,  0.000000,       0.031496,  0.386075,  0.049449,  0.044909, 0.035684, 0.023058, 0.008108, -0.008119
0.328571,  0.005, 0.178571,  0.015, 0.0444851, 195.676, 7.10969,   0.046315,  0.123184,  1.000000,  0.124752, 0.101091, 0.066904, 0.024348, -0.023482, 167.927, 14.0339,   0.069600,  0.073995, 1.000000, 0.061014, 0.049065, 0.034826,  0.019107,  0.002714,       0.000360,  0.000562, -0.925827,  0.000458,  0.000380,  0.000301,  0.000217,  0.000130,      -0.002642, -0.007018, -0.090073, -0.006388, -0.004850, -0.002840, -0.000476,  0.002106,       0.000000,  0.000000, -0.304993,  0.000000,  0.000000,  0.000000,  0.000000,  0.000000,       0.000000,  0.000000, -0.914980,  0.000000,  0.000000,  0.000000,  0.000000,  0.000000,       0.029371,  0.049997,  0.413125,  0.051152, 0.041710, 0.028083, 0.011540, -0.006700
0.392857,  0.005, 0.192857,  0.015, 0.0995869, 128.212, 4.37478,   0.033653,  0.110485,  0.124752,  1.000000, 0.097896, 0.068064, 0.030218, -0.012841, 114.279, 8.93492,   0.054813,  0.061228, 0.061014, 1.000000, 0.051390, 0.043583,  0.034475,  0.024575,       0.000353,  0.001039,  0.001109, -0.933084,  0.000779,  0.000486,  0.000134, -0.000255,      -0.002441, -0.008764, -0.009534, -0.107296, -0.006238, -0.003165,  0.000550,  0.004668,       0.000000,  0.000000,  0.000000, -0.307019,  0.000000,  0.000000,  0.000000,  0.000000,       0.000000,  0.000000,  0.000000, -0.921057,  0.000000,  0.000000,  0.000000,  0.000000,       0.024939,  0.045534,  0.051155,  0.426497, 0.040711, 0.028739, 0.013933, -0.002558
0.457143,  0.005, 0.207143,  0.015,  0.277405, 84.0112, 2.98917,   0.022620,  0.087132,  0.101091,  0.097896, 1.000000, 0.063105, 0.035236,  0.002947, 77.6386,  6.3908,   0.036993,  0.044931, 0.049065, 0.051390, 1.000000, 0.052299,  0.051178,  0.049183,       0.000291,  0.001157,  0.001277,  0.001140, -0.949387,  0.000425, -0.000085, -0.000653,      -0.001981, -0.008401, -0.009300, -0.008163, -0.117848, -0.002237,  0.002011,  0.006708,       0.000000,  0.000000,  0.000000,  0.000000, -0.307830,  0.000000,  0.000000,  0.000000,       0.000000,  0.000000,  0.000000,  0.000000, -0.923489,  0.000000,  0.000000,  0.000000,       0.018977,  0.036470,  0.041967,  0.040951, 0.431586, 0.026836, 0.015805,  0.003322
0.521429,  0.005, 0.221429,  0.015,  0.699223, 52.1117,  2.1938,   0.012307,  0.055267,  0.066904,  0.068064, 0.063105, 1.000000, 0.039522,  0.022628, 50.4337, 4.94341,   0.017068,  0.026149, 0.034826, 0.043583, 0.052299, 1.000000,  0.068443,  0.075264,       0.000196,  0.000892,  0.000993,  0.000852,  0.000547, -0.965076, -0.000426, -0.001017,      -0.001402, -0.006356, -0.007070, -0.005982, -0.003641, -0.123046,  0.003815,  0.008328,       0.000000,  0.000000,  0.000000,  0.000000,  0.000000, -0.306481,  0.000000,  0.000000,       0.000000,  0.000000,  0.000000,  0.000000,  0.000000, -0.919443,  0.000000,  0.000000,       0.011663,  0.023747,  0.028444,  0.029119, 0.027050, 0.431594, 0.017221,  0.010508
0.585714,  0.005, 0.235714,  0.015,  0.688306, 27.6601, 1.72563,   0.002465,  0.016642,  0.024348,  0.030218, 0.035236, 0.039522, 1.000000,  0.044908, 29.1188, 4.00678,  -0.004020,  0.005875, 0.019107, 0.034475, 0.051178, 0.068443,  1.000000,  0.101560,       0.000085,  0.000273,  0.000288,  0.000163, -0.000086, -0.000441, -0.970565, -0.001333,      -0.000786, -0.002982, -0.003245, -0.002273, -0.000311,  0.002504, -0.123844,  0.009630,       0.000000,  0.000000,  0.000000,  0.000000,  0.000000,  0.000000, -0.302410,  0.000000,       0.000000,  0.000000,  0.000000,  0.000000,  0.000000,  0.000000, -0.907231,  0.000000,       0.003262,  0.008110,  0.011457,  0.013976, 0.015885, 0.017261, 0.429090,  0.018530
    0.65,  0.005,     0.25,  0.015,  0.220483, 8.12193, 1.41386,  -0.006712, -0.026070, -0.023482, -0.012841, 0.002947, 0.022628, 0.044908,  1.000000, 11.7848, 3.40964,  -0.025309, -0.014901, 0.002714, 0.024575, 0.049183, 0.075264,  0.101560,  1.000000,      -0.000031, -0.000643, -0.000774, -0.000870, -0.001006, -0.001187, -0.001394, -0.957806,      -0.000166,  0.001389,  0.001807,  0.002602,  0.003984,  0.005926,  0.008230, -0.122272,       0.000000,  0.000000,  0.000000,  0.000000,  0.000000,  0.000000,  0.000000, -0.295484,       0.000000,  0.000000,  0.000000,  0.000000,  0.000000,  0.000000,  0.000000, -0.886452,      -0.005726, -0.009358, -0.007759, -0.003377, 0.002851, 0.010294, 0.018413,  0.427134