     D47, SE_D47,      D48, SE_D48, pvalue_eq,     Teq,  SE_Teq, correl_Teq,          ,          ,          ,         ,         ,         ,          ,     Tkp,  SE_Tkp, correl_Tkp,          ,         ,         ,         ,         ,          ,          , correl_D47_Teq,          ,          ,          ,          ,          ,          ,          , correl_D48_Teq,          ,          ,          ,          ,          ,          ,          , correl_D47_Tkp,          ,          ,          ,          ,          ,          ,          , correl_D48_Tkp,          ,          ,          ,          ,          ,          ,          , correl_Teq_Tkp,          ,          ,          ,         ,         ,         ,          
     0.2,  0.005,     0.15,  0.015, 0.0783659, 706.617, 69.5187,   1.000000,  0.062793,  0.046314,  0.033650, 0.022617, 0.012306, 0.002465, -0.006711, 484.305, 85.7286,   1.000000,  0.080159, 0.069600, 0.054813, 0.036993, 0.017068, -0.004020, -0.025309,      -0.954809, -0.000439, -0.000563, -0.000541, -0.000422, -0.000234,  0.000014,  0.000300,      -0.021136,  0.004711,  0.006006,  0.005753,  0.004402,  0.002140, -0.000832, -0.004235,      -0.302719,  0.000000,  0.000000,  0.000000,  0.000000,  0.000000,  0.000000,  0.000000,      -0.908158,  0.000000,  0.000000,  0.000000,  0.000000,  0.000000,  0.000000,  0.000000,       0.334790,  0.021749,  0.017327,  0.013068, 0.008963, 0.005020, 0.001297, -0.002133
0.264286,  0.005, 0.164286,  0.015, 0.0360514,  319.46, 14.6946,   0.062793,  1.000000,  0.123181,  0.110480, 0.087134, 0.055265, 0.016642, -0.026075, 259.235, 27.0528,   0.080159,  1.000000, 0.073995, 0.061228, 0.044931, 0.026149,  0.005875, -0.014901,       0.000272, -0.936977, -0.000298, -0.000308, -0.000225, -0.000063,  0.000158,  0.000415,      -0.002178, -0.063220, -0.001915, -0.001421, -0.001101, -0.000955, -0.000945, -0.001020,       0.000000, -0.303036,  0.000000,  0.000000,  0.000000,  0.000000,  0.000000,  0.000000,       0.000000, -0.909107,  0.000000,  0.000000,  0.000000,  0.000000,  0.000000,  0.000000,       0.031498,  0.386075,  0.049444,  0.044920, 0.035687, 0.023055, 0.008106, -0.008123
0.328571,  0.005, 0.178571,  0.015, 0.0444851, 195.676,  7.1097,   0.046314,  0.123181,  1.000000,  0.124756, 0.101098, 0.066907, 0.024350, -0.023493, 167.927, 14.0339,   0.069600,  0.073995, 1.000000, 0.061014, 0.049065, 0.034826,  0.019107,  0.002714,       0.000361,  0.000563, -0.925823,  0.000459,  0.000380,  0.000300,  0.000216,  0.000131,      -0.002640, -0.007016, -0.090078, -0.006395, -0.004849, -0.002840, -0.000474,  0.002106,       0.000000,  0.000000, -0.304993,  0.000000,  0.000000,  0.000000,  0.000000,  0.000000,       0.000000,  0.000000, -0.914980,  0.000000,  0.000000,  0.000000,  0.000000,  0.000000,       0.029365,  0.050001,  0.413129,  0.051154, 0.041711, 0.028079, 0.011537, -0.006701
0.392857,  0.005, 0.192857,  0.015, 0.0995869, 128.212, 4.37478,   0.033650,  0.110480,  0.124756,  1.000000, 0.097901, 0.068066, 0.030219, -0.012849, 114.279, 8.93492,   0.054813,  0.061228, 0.061014, 1.000000, 0.051390, 0.043583,  0.034475,  0.024575,       0.000354,  0.001039,  0.001109, -0.933084,  0.000779,  0.000485,  0.000134, -0.000256,      -0.002441, -0.008777, -0.009535, -0.107294, -0.006238, -0.003167,  0.000554,  0.004663,       0.000000,  0.000000,  0.000000, -0.307019,  0.000000,  0.000000,  0.000000,  0.000000,       0.000000,  0.000000,  0.000000, -0.921057,  0.000000,  0.000000,  0.000000,  0.000000,       0.024939,  0.045531,  0.051162,  0.426496, 0.040712, 0.028740, 0.013933, -0.002560
0.457143,  0.005, 0.207143,  0.015,  0.277405, 84.0112, 2.98918,   0.022617,  0.087134,  0.101098,  0.097901, 1.000000, 0.063107, 0.035238,  0.002936, 77.6386,  6.3908,   0.036993,  0.044931, 0.049065, 0.051390, 1.000000, 0.052299,  0.051178,  0.049183,       0.000292,  0.001156,  0.001276,  0.001139, -0.949384,  0.000426, -0.000086, -0.000652,      -0.001980, -0.008406, -0.009299, -0.008164, -0.117849, -0.002237,  0.002012,  0.006710,       0.000000,  0.000000,  0.000000,  0.000000, -0.307830,  0.000000,  0.000000,  0.000000,       0.000000,  0.000000,  0.000000,  0.000000, -0.923489,  0.000000,  0.000000,  0.000000,       0.018971,  0.036471,  0.041967,  0.040953, 0.431587, 0.026832, 0.015802,  0.003318
0.521429,  0.005, 0.221429,  0.015,  0.699223, 52.1117,  2.1938,   0.012306,  0.055265,  0.066907,  0.068066, 0.063107, 1.000000, 0.039522,  0.022622, 50.4337, 4.94341,   0.017068,  0.026149, 0.034826, 0.043583, 0.052299, 1.000000,  0.068443,  0.075264,       0.000197,  0.000892,  0.000993,  0.000853,  0.000547, -0.965075, -0.000426, -0.001017,      -0.001402, -0.006353, -0.007066, -0.005984, -0.003637, -0.123042,  0.003814,  0.008329,       0.000000,  0.000000,  0.000000,  0.000000,  0.000000, -0.306481,  0.000000,  0.000000,       0.000000,  0.000000,  0.000000,  0.000000,  0.000000, -0.919443,  0.000000,  0.000000,       0.011662,  0.023750,  0.028446,  0.029121, 0.027050, 0.431590, 0.017218,  0.010507
0.585714,  0.005, 0.235714,  0.015,  0.688306, 27.6601, 1.72563,   0.002465,  0.016642,  0.024350,  0.030219, 0.035238, 0.039522, 1.000000,  0.044906, 29.1188, 4.00678,  -0.004020,  0.005875, 0.019107, 0.034475, 0.051178, 0.068443,  1.000000,  0.101560,       0.000085,  0.000273,  0.000289,  0.000163, -0.000086, -0.000441, -0.970564, -0.001333,      -0.000784, -0.002979, -0.003242, -0.002273, -0.000309,  0.002506, -0.123846,  0.009620,       0.000000,  0.000000,  0.000000,  0.000000,  0.000000,  0.000000, -0.302410,  0.000000,       0.000000,  0.000000,  0.000000,  0.000000,  0.000000,  0.000000, -0.907231,  0.000000,       0.003265,  0.008108,  0.011457,  0.013974, 0.015884, 0.017261, 0.429090,  0.018529
    0.65,  0.005,     0.25,  0.015,  0.220483, 8.12193, 1.41386,  -0.006711, -0.026075, -0.023493, -0.012849, 0.002936, 0.022622, 0.044906,  1.000000, 11.7848, 3.40964,  -0.025309, -0.014901, 0.002714, 0.024575, 0.049183, 0.075264,  0.101560,  1.000000,      -0.000031, -0.000642, -0.000774, -0.000870, -0.001005, -0.001187, -0.001393, -0.957803,      -0.000168,  0.001395,  0.001808,  0.002603,  0.003987,  0.005926,  0.008229, -0.122275,       0.000000,  0.000000,  0.000000,  0.000000,  0.000000,  0.000000,  0.000000, -0.295484,       0.000000,  0.000000,  0.000000,  0.000000,  0.000000,  0.000000,  0.000000, -0.886452,      -0.005727, -0.009352, -0.007762, -0.003374, 0.002847, 0.010293, 0.018422,  0.427137