     D47, SE_D47,      D48, SE_D48, pvalue_eq,     Teq,  SE_Teq, correl_Teq,          ,          ,          ,         ,         ,         ,          ,     Tkp,  SE_Tkp, correl_Tkp,          ,         ,         ,         ,         ,          ,          , correl_D47_Teq,          ,          ,          ,          ,          ,          ,          , correl_D48_Teq,          ,          ,          ,          ,          ,          ,          , correl_D47_Tkp,          ,          ,          ,          ,          ,          ,          , correl_D48_Tkp,          ,          ,          ,          ,          ,          ,          , correl_Teq_Tkp,          ,          ,          ,         ,         ,         ,          
     0.2,  0.005,     0.15,  0.015, 0.0783659, 706.617, 69.5186,   1.000000,  0.062794,  0.046319,  0.033655, 0.022623, 0.012307, 0.002466, -0.006710, 484.305, 85.7286,   1.000000,  0.080159, 0.069600, 0.054813, 0.036993, 0.017068, -0.004020, -0.025309,      -0.954810, -0.000437, -0.000563, -0.000541, -0.000423, -0.000233,  0.000014,  0.000296,      -0.021140,  0.004710,  0.006005,  0.005747,  0.004401,  0.002138, -0.000837, -0.004232,      -0.302719,  0.000000,  0.000000,  0.000000,  0.000000,  0.000000,  0.000000,  0.000000,      -0.908158,  0.000000,  0.000000,  0.000000,  0.000000,  0.000000,  0.000000,  0.000000,       0.334793,  0.021752,  0.017330,  0.013068, 0.008966, 0.005018, 0.001301, -0.002134
0.264286,  0.005, 0.164286,  0.015, 0.0360514,  319.46, 14.6947,   0.062794,  1.000000,  0.123182,  0.110484, 0.087130, 0.055263, 0.016646, -0.026076, 259.235, 27.0528,   0.080159,  1.000000, 0.073995, 0.061228, 0.044931, 0.026149,  0.005875, -0.014901,       0.000273, -0.936975, -0.000296, -0.000308, -0.000223, -0.000061,  0.000159,  0.000415,      -0.002180, -0.063223, -0.001913, -0.001422, -0.001097, -0.000952, -0.000949, -0.001018,       0.000000, -0.303036,  0.000000,  0.000000,  0.000000,  0.000000,  0.000000,  0.000000,       0.000000, -0.909107,  0.000000,  0.000000,  0.000000,  0.000000,  0.000000,  0.000000,       0.031498,  0.386079,  0.049445,  0.044909, 0.035683, 0.023056, 0.008107, -0.008123
0.328571,  0.005, 0.178571,  0.015, 0.0444851, 195.676, 7.10972,   0.046319,  0.123182,  1.000000,  0.124764, 0.101098, 0.066905, 0.024353, -0.023493, 167.927, 14.0339,   0.069600,  0.073995, 1.000000, 0.061014, 0.049065, 0.034826,  0.019107,  0.002714,       0.000361,  0.000564, -0.925822,  0.000458,  0.000379,  0.000301,  0.000217,  0.000131,      -0.002643, -0.007015, -0.090074, -0.006397, -0.004852, -0.002842, -0.000475,  0.002103,       0.000000,  0.000000, -0.304993,  0.000000,  0.000000,  0.000000,  0.000000,  0.000000,       0.000000,  0.000000, -0.914980,  0.000000,  0.000000,  0.000000,  0.000000,  0.000000,       0.029365,  0.049999,  0.413125,  0.051156, 0.041716, 0.028081, 0.011539, -0.006701
0.392857,  0.005, 0.192857,  0.015, 0.0995869, 128.212, 4.37481,   0.033655,  0.110484,  0.124764,  1.000000, 0.097901, 0.068066, 0.030224, -0.012851, 114.279, 8.93492,   0.054813,  0.061228, 0.061014, 1.000000, 0.051390, 0.043583,  0.034475,  0.024575,       0.000354,  0.001039,  0.001108, -0.933079,  0.000779,  0.000485,  0.000134, -0.000256,      -0.002440, -0.008765, -0.009536, -0.107299, -0.006243, -0.003168,  0.000556,  0.004674,       0.000000,  0.000000,  0.000000, -0.307019,  0.000000,  0.000000,  0.000000,  0.000000,       0.000000,  0.000000,  0.000000, -0.921057,  0.000000,  0.000000,  0.000000,  0.000000,       0.024944,  0.045533,  0.051166,  0.426500, 0.040706, 0.028739, 0.013937, -0.002558
0.457143,  0.005, 0.207143,  0.015,  0.277405, 84.0112, 2.98917,   0.022623,  0.087130,  0.101098,  0.097901, 1.000000, 0.063104, 0.035240,  0.002938, 77.6386,  6.3908,   0.036993,  0.044931, 0.049065, 0.051390, 1.000000, 0.052299,  0.051178,  0.049183,       0.000292,  0.001157,  0.001276,  0.001139, -0.949386,  0.000425, -0.000086, -0.000653,      -0.001982, -0.008402, -0.009304, -0.008156, -0.117848, -0.002236,  0.002013,  0.006712,       0.000000,  0.000000,  0.000000,  0.000000, -0.307830,  0.000000,  0.000000,  0.000000,       0.000000,  0.000000,  0.000000,  0.000000, -0.923489,  0.000000,  0.000000,  0.000000,       0.018972,  0.036466,  0.041969,  0.040956, 0.431586, 0.026834, 0.015800,  0.003321
0.521429,  0.005, 0.221429,  0.015,  0.699223, 52.1117,  2.1938,   0.012307,  0.055263,  0.066905,  0.068066, 0.063104, 1.000000, 0.039524,  0.022623, 50.4337, 4.94341,   0.017068,  0.026149, 0.034826, 0.043583, 0.052299, 1.000000,  0.068443,  0.075264,       0.000197,  0.000892,  0.000993,  0.000853,  0.000548, -0.965076, -0.000426, -0.001017,      -0.001399, -0.006355, -0.007068, -0.005981, -0.003639, -0.123043,  0.003816,  0.008327,       0.000000,  0.000000,  0.000000,  0.000000,  0.000000, -0.306481,  0.000000,  0.000000,       0.000000,  0.000000,  0.000000,  0.000000,  0.000000, -0.919443,  0.000000,  0.000000,       0.011663,  0.023747,  0.028446,  0.029121, 0.027049, 0.431592, 0.017220,  0.010506
0.585714,  0.005, 0.235714,  0.015,  0.688306, 27.6601, 1.72563,   0.002466,  0.016646,  0.024353,  0.030224, 0.035240, 0.039524, 1.000000,  0.044905, 29.1188, 4.00678,  -0.004020,  0.005875, 0.019107, 0.034475, 0.051178, 0.068443,  1.000000,  0.101560,       0.000085,  0.000272,  0.000289,  0.000163, -0.000086, -0.000441, -0.970564, -0.001332,      -0.000789, -0.002982, -0.003244, -0.002276, -0.000306,  0.002504, -0.123845,  0.009626,       0.000000,  0.000000,  0.000000,  0.000000,  0.000000,  0.000000, -0.302410,  0.000000,       0.000000,  0.000000,  0.000000,  0.000000,  0.000000,  0.000000, -0.907231,  0.000000,       0.003267,  0.008112,  0.011458,  0.013973, 0.015885, 0.017262, 0.429092,  0.018530
    0.65,  0.005,     0.25,  0.015,  0.220483, 8.12193, 1.41386,  -0.006710, -0.026076, -0.023493, -0.012851, 0.002938, 0.022623, 0.044905,  1.000000, 11.7848, 3.40964,  -0.025309, -0.014901, 0.002714, 0.024575, 0.049183, 0.075264,  0.101560,  1.000000,      -0.000031, -0.000643, -0.000774, -0.000871, -0.001005, -0.001187, -0.001394, -0.957803,      -0.000167,  0.001394,  0.001808,  0.002601,  0.003985,  0.005927,  0.008231, -0.122271,       0.000000,  0.000000,  0.000000,  0.000000,  0.000000,  0.000000,  0.000000, -0.295484,       0.000000,  0.000000,  0.000000,  0.000000,  0.000000,  0.000000,  0.000000, -0.886452,      -0.005728, -0.009354, -0.007761, -0.003385, 0.002845, 0.010295, 0.018417,  0.427134