     D47, SE_D47,      D48, SE_D48, pvalue_eq,     Teq,  SE_Teq, correl_Teq,          ,          ,          ,         ,         ,         ,          ,     Tkp,  SE_Tkp, correl_Tkp,          ,         ,         ,         ,         ,          ,          , correl_D47_Teq,          ,          ,          ,          ,          ,          ,          , correl_D48_Teq,          ,          ,          ,          ,          ,          ,          , correl_D47_Tkp,          ,          ,          ,          ,          ,          ,          , correl_D48_Tkp,          ,          ,          ,          ,          ,          ,          , correl_Teq_Tkp,          ,          ,         ,         ,         ,         ,          
     0.2,  0.005,     0.15,  0.015, 0.0783786, 708.108, 78.0147,   1.000000,  0.062582,  0.045885,  0.033191, 0.022254, 0.012380, 0.002479, -0.006474, 484.305, 85.7286,   1.000000,  0.080159, 0.069600, 0.054813, 0.036993, 0.017068, -0.004020, -0.025309,      -0.954740,  0.000000,  0.000000,  0.000000,  0.000000,  0.000000,  0.000000,  0.000000,      -0.019827,  0.000000,  0.000000,  0.000000,  0.000000,  0.000000,  0.000000,  0.000000,      -0.302719,  0.000000,  0.000000,  0.000000,  0.000000,  0.000000,  0.000000,  0.000000,      -0.908158,  0.000000,  0.000000,  0.000000,  0.000000,  0.000000,  0.000000,  0.000000,       0.332959,  0.019265,  0.014498, 0.010487, 0.006878, 0.003551, 0.000481, -0.002309
0.264286,  0.005, 0.164286,  0.015, 0.0360749,  319.95, 14.6775,   0.062582,  1.000000,  0.122892,  0.110236, 0.087013, 0.056135, 0.016656, -0.026281, 259.235, 27.0528,   0.080159,  1.000000, 0.073995, 0.061228, 0.044931, 0.026149,  0.005875, -0.014901,       0.000000, -0.936576,  0.000000,  0.000000,  0.000000,  0.000000,  0.000000,  0.000000,       0.000000, -0.066826,  0.000000,  0.000000,  0.000000,  0.000000,  0.000000,  0.000000,       0.000000, -0.303036,  0.000000,  0.000000,  0.000000,  0.000000,  0.000000,  0.000000,       0.000000, -0.909107,  0.000000,  0.000000,  0.000000,  0.000000,  0.000000,  0.000000,       0.034961,  0.388576,  0.042518, 0.036432, 0.027506, 0.016659, 0.004606, -0.008001
0.328571,  0.005, 0.178571,  0.015, 0.0445001, 195.845, 7.10882,   0.045885,  0.122892,  1.000000,  0.124665, 0.101127, 0.067949, 0.024403, -0.023784, 167.927, 14.0339,   0.069600,  0.073995, 1.000000, 0.061014, 0.049065, 0.034826,  0.019107,  0.002714,       0.000000,  0.000000, -0.925243,  0.000000,  0.000000,  0.000000,  0.000000,  0.000000,       0.000000,  0.000000, -0.095256,  0.000000,  0.000000,  0.000000,  0.000000,  0.000000,       0.000000,  0.000000, -0.304993,  0.000000,  0.000000,  0.000000,  0.000000,  0.000000,       0.000000,  0.000000, -0.914980,  0.000000,  0.000000,  0.000000,  0.000000,  0.000000,       0.034255,  0.047759,  0.417212, 0.042144, 0.032845, 0.021108, 0.007799, -0.006309
0.392857,  0.005, 0.192857,  0.015, 0.0996132, 128.302, 4.37502,   0.033191,  0.110236,  0.124665,  1.000000, 0.098014, 0.068813, 0.030323, -0.013101, 114.279, 8.93492,   0.054813,  0.061228, 0.061014, 1.000000, 0.051390, 0.043583,  0.034475,  0.024575,       0.000000,  0.000000,  0.000000, -0.932359,  0.000000,  0.000000,  0.000000,  0.000000,       0.000000,  0.000000,  0.000000, -0.113943,  0.000000,  0.000000,  0.000000,  0.000000,       0.000000,  0.000000,  0.000000, -0.307019,  0.000000,  0.000000,  0.000000,  0.000000,       0.000000,  0.000000,  0.000000, -0.921057,  0.000000,  0.000000,  0.000000,  0.000000,       0.029681,  0.043843,  0.045154, 0.432102, 0.033230, 0.023210, 0.011634, -0.000789
0.457143,  0.005, 0.207143,  0.015,  0.277514, 84.0803, 2.99033,   0.022254,  0.087013,  0.101127,  0.098014, 1.000000, 0.063250, 0.035374,  0.002735, 77.6386,  6.3908,   0.036993,  0.044931, 0.049065, 0.051390, 1.000000, 0.052299,  0.051178,  0.049183,       0.000000,  0.000000,  0.000000,  0.000000, -0.948485,  0.000000,  0.000000,  0.000000,       0.000000,  0.000000,  0.000000,  0.000000, -0.125213,  0.000000,  0.000000,  0.000000,       0.000000,  0.000000,  0.000000,  0.000000, -0.307830,  0.000000,  0.000000,  0.000000,       0.000000,  0.000000,  0.000000,  0.000000, -0.923489,  0.000000,  0.000000,  0.000000,       0.022446,  0.035121,  0.037510, 0.035477, 0.438322, 0.024056, 0.016084,  0.007325
0.521429,  0.005, 0.221429,  0.015,  0.699711, 52.1613, 2.19679,   0.012380,  0.056135,  0.067949,  0.068813, 0.063250, 1.000000, 0.037795,  0.019711, 50.4337, 4.94341,   0.017068,  0.026149, 0.034826, 0.043583, 0.052299, 1.000000,  0.068443,  0.075264,       0.000000,  0.000000,  0.000000,  0.000000,  0.000000, -0.963719,  0.000000,  0.000000,       0.000000,  0.000000,  0.000000,  0.000000,  0.000000, -0.129820,  0.000000,  0.000000,       0.000000,  0.000000,  0.000000,  0.000000,  0.000000, -0.306481,  0.000000,  0.000000,       0.000000,  0.000000,  0.000000,  0.000000,  0.000000, -0.919443,  0.000000,  0.000000,       0.020613,  0.028073,  0.028630, 0.026111, 0.021660, 0.430585, 0.009160,  0.001961
0.585714,  0.005, 0.235714,  0.015,  0.688413, 27.6787,  1.7281,   0.002479,  0.016656,  0.024403,  0.030323, 0.035374, 0.037795, 1.000000,  0.044764, 29.1188, 4.00678,  -0.004020,  0.005875, 0.019107, 0.034475, 0.051178, 0.068443,  1.000000,  0.101560,       0.000000,  0.000000,  0.000000,  0.000000,  0.000000,  0.000000, -0.969789,  0.000000,       0.000000,  0.000000,  0.000000,  0.000000,  0.000000,  0.000000, -0.128950,  0.000000,       0.000000,  0.000000,  0.000000,  0.000000,  0.000000,  0.000000, -0.302410,  0.000000,       0.000000,  0.000000,  0.000000,  0.000000,  0.000000,  0.000000, -0.907231,  0.000000,       0.002322,  0.007337,  0.011428, 0.015209, 0.018773, 0.022080, 0.435308,  0.027592
    0.65,  0.005,     0.25,  0.015,  0.220507, 8.10422, 1.41621,  -0.006474, -0.026281, -0.023784, -0.013101, 0.002735, 0.019711, 0.044764,  1.000000, 11.7848, 3.40964,  -0.025309, -0.014901, 0.002714, 0.024575, 0.049183, 0.075264,  0.101560,  1.000000,       0.000000,  0.000000,  0.000000,  0.000000,  0.000000,  0.000000,  0.000000, -0.957344,       0.000000,  0.000000,  0.000000,  0.000000,  0.000000,  0.000000,  0.000000, -0.124740,       0.000000,  0.000000,  0.000000,  0.000000,  0.000000,  0.000000,  0.000000, -0.295484,       0.000000,  0.000000,  0.000000,  0.000000,  0.000000,  0.000000,  0.000000, -0.886452,      -0.009206, -0.009712, -0.005101, 0.001838, 0.010169, 0.019306, 0.028749,  0.431503