     D47, SE_D47,      D48, SE_D48, pvalue_eq,     Teq,  SE_Teq, correl_Teq,          ,          ,          ,         ,         ,         ,          ,     Tkp,  SE_Tkp, correl_Tkp,          ,         ,         ,         ,         ,          ,          , correl_D47_Teq,          ,          ,          ,          ,          ,          ,          , correl_D48_Teq,          ,          ,          ,          ,          ,          ,          , correl_D47_Tkp,          ,          ,          ,          ,          ,          ,          , correl_D48_Tkp,          ,          ,          ,          ,          ,          ,          , correl_Teq_Tkp,          ,          ,          ,         ,         ,         ,          
     0.2,  0.005,     0.15,  0.015, 0.0783659, 706.617, 69.5186,   1.000000,  0.062790,  0.046316,  0.033652, 0.022620, 0.012307, 0.002466, -0.006710, 484.305, 85.7286,   1.000000,  0.080159, 0.069600, 0.054813, 0.036993, 0.017068, -0.004020, -0.025309,      -0.954809, -0.000438, -0.000564, -0.000541, -0.000422, -0.000234,  0.000014,  0.000298,      -0.021143,  0.004717,  0.006008,  0.005746,  0.004392,  0.002137, -0.000829, -0.004231,      -0.302719,  0.000000,  0.000000,  0.000000,  0.000000,  0.000000,  0.000000,  0.000000,      -0.908158,  0.000000,  0.000000,  0.000000,  0.000000,  0.000000,  0.000000,  0.000000,       0.334796,  0.021745,  0.017327,  0.013067, 0.008965, 0.005020, 0.001298, -0.002135
0.264286,  0.005, 0.164286,  0.015, 0.0360514,  319.46, 14.6947,   0.062790,  1.000000,  0.123190,  0.110491, 0.087136, 0.055271, 0.016646, -0.026082, 259.235, 27.0528,   0.080159,  1.000000, 0.073995, 0.061228, 0.044931, 0.026149,  0.005875, -0.014901,       0.000274, -0.936969, -0.000296, -0.000308, -0.000223, -0.000063,  0.000158,  0.000414,      -0.002173, -0.063218, -0.001912, -0.001424, -0.001102, -0.000955, -0.000949, -0.001019,       0.000000, -0.303036,  0.000000,  0.000000,  0.000000,  0.000000,  0.000000,  0.000000,       0.000000, -0.909107,  0.000000,  0.000000,  0.000000,  0.000000,  0.000000,  0.000000,       0.031493,  0.386075,  0.049447,  0.044916, 0.035686, 0.023056, 0.008110, -0.008124
0.328571,  0.005, 0.178571,  0.015, 0.0444851, 195.676, 7.10971,   0.046316,  0.123190,  1.000000,  0.124758, 0.101096, 0.066908, 0.024351, -0.023500, 167.927, 14.0339,   0.069600,  0.073995, 1.000000, 0.061014, 0.049065, 0.034826,  0.019107,  0.002714,       0.000361,  0.000562, -0.925823,  0.000459,  0.000380,  0.000300,  0.000217,  0.000132,      -0.002640, -0.007015, -0.090076, -0.006387, -0.004854, -0.002841, -0.000473,  0.002108,       0.000000,  0.000000, -0.304993,  0.000000,  0.000000,  0.000000,  0.000000,  0.000000,       0.000000,  0.000000, -0.914980,  0.000000,  0.000000,  0.000000,  0.000000,  0.000000,       0.029362,  0.049998,  0.413127,  0.051158, 0.041712, 0.028083, 0.011538, -0.006700
0.392857,  0.005, 0.192857,  0.015, 0.0995869, 128.212, 4.37479,   0.033652,  0.110491,  0.124758,  1.000000, 0.097900, 0.068067, 0.030223, -0.012855, 114.279, 8.93492,   0.054813,  0.061228, 0.061014, 1.000000, 0.051390, 0.043583,  0.034475,  0.024575,       0.000354,  0.001037,  0.001109, -0.933081,  0.000778,  0.000486,  0.000134, -0.000256,      -0.002440, -0.008770, -0.009539, -0.107296, -0.006242, -0.003166,  0.000552,  0.004665,       0.000000,  0.000000,  0.000000, -0.307019,  0.000000,  0.000000,  0.000000,  0.000000,       0.000000,  0.000000,  0.000000, -0.921057,  0.000000,  0.000000,  0.000000,  0.000000,       0.024945,  0.045534,  0.051155,  0.426497, 0.040711, 0.028737, 0.013933, -0.002561
0.457143,  0.005, 0.207143,  0.015,  0.277405, 84.0112, 2.98917,   0.022620,  0.087136,  0.101096,  0.097900, 1.000000, 0.063105, 0.035239,  0.002935, 77.6386,  6.3908,   0.036993,  0.044931, 0.049065, 0.051390, 1.000000, 0.052299,  0.051178,  0.049183,       0.000291,  0.001156,  0.001276,  0.001138, -0.949387,  0.000426, -0.000086, -0.000653,      -0.001982, -0.008402, -0.009300, -0.008162, -0.117847, -0.002233,  0.002012,  0.006704,       0.000000,  0.000000,  0.000000,  0.000000, -0.307830,  0.000000,  0.000000,  0.000000,       0.000000,  0.000000,  0.000000,  0.000000, -0.923489,  0.000000,  0.000000,  0.000000,       0.018979,  0.036471,  0.041970,  0.040955, 0.431585, 0.026833, 0.015803,  0.003318
0.521429,  0.005, 0.221429,  0.015,  0.699223, 52.1117,  2.1938,   0.012307,  0.055271,  0.066908,  0.068067, 0.063105, 1.000000, 0.039524,  0.022619, 50.4337, 4.94341,   0.017068,  0.026149, 0.034826, 0.043583, 0.052299, 1.000000,  0.068443,  0.075264,       0.000197,  0.000892,  0.000994,  0.000853,  0.000547, -0.965075, -0.000426, -0.001017,      -0.001402, -0.006353, -0.007069, -0.005980, -0.003638, -0.123044,  0.003814,  0.008330,       0.000000,  0.000000,  0.000000,  0.000000,  0.000000, -0.306481,  0.000000,  0.000000,       0.000000,  0.000000,  0.000000,  0.000000,  0.000000, -0.919443,  0.000000,  0.000000,       0.011665,  0.023751,  0.028447,  0.029120, 0.027047, 0.431591, 0.017219,  0.010505
0.585714,  0.005, 0.235714,  0.015,  0.688306, 27.6601, 1.72563,   0.002466,  0.016646,  0.024351,  0.030223, 0.035239, 0.039524, 1.000000,  0.044904, 29.1188, 4.00678,  -0.004020,  0.005875, 0.019107, 0.034475, 0.051178, 0.068443,  1.000000,  0.101560,       0.000085,  0.000273,  0.000289,  0.000163, -0.000086, -0.000440, -0.970564, -0.001333,      -0.000786, -0.002984, -0.003242, -0.002272, -0.000309,  0.002504, -0.123846,  0.009626,       0.000000,  0.000000,  0.000000,  0.000000,  0.000000,  0.000000, -0.302410,  0.000000,       0.000000,  0.000000,  0.000000,  0.000000,  0.000000,  0.000000, -0.907231,  0.000000,       0.003262,  0.008112,  0.011456,  0.013976, 0.015885, 0.017262, 0.429091,  0.018528
    0.65,  0.005,     0.25,  0.015,  0.220483, 8.12193, 1.41387,  -0.006710, -0.026082, -0.023500, -0.012855, 0.002935, 0.022619, 0.044904,  1.000000, 11.7848, 3.40964,  -0.025309, -0.014901, 0.002714, 0.024575, 0.049183, 0.075264,  0.101560,  1.000000,      -0.000031, -0.000642, -0.000773, -0.000870, -0.001005, -0.001188, -0.001393, -0.957800,      -0.000167,  0.001394,  0.001807,  0.002604,  0.003988,  0.005926,  0.008231, -0.122280,       0.000000,  0.000000,  0.000000,  0.000000,  0.000000,  0.000000,  0.000000, -0.295484,       0.000000,  0.000000,  0.000000,  0.000000,  0.000000,  0.000000,  0.000000, -0.886452,      -0.005731, -0.009355, -0.007767, -0.003378, 0.002851, 0.010291, 0.018417,  0.427142