     D47, SE_D47,      D48, SE_D48, pvalue_eq,     Teq,  SE_Teq, correl_Teq,          ,          ,          ,         ,         ,         ,          ,     Tkp,  SE_Tkp, correl_Tkp,          ,         ,         ,         ,         ,          ,          , correl_D47_Teq,          ,          ,          ,          ,          ,          ,          , correl_D48_Teq,          ,          ,          ,          ,          ,          ,          , correl_D47_Tkp,          ,          ,          ,          ,          ,          ,          , correl_D48_Tkp,          ,          ,          ,          ,          ,          ,          , correl_Teq_Tkp,          ,          ,          ,         ,         ,         ,          
     0.2,  0.005,     0.15,  0.015, 0.0783659, 706.617, 69.5186,   1.000000,  0.062795,  0.046318,  0.033656, 0.022623, 0.012308, 0.002465, -0.006710, 484.305, 85.7286,   1.000000,  0.080159, 0.069600, 0.054813, 0.036993, 0.017068, -0.004020, -0.025309,      -0.954810, -0.000439, -0.000563, -0.000541, -0.000423, -0.000233,  0.000014,  0.000297,      -0.021139,  0.004719,  0.006003,  0.005753,  0.004401,  0.002139, -0.000832, -0.004233,      -0.302719,  0.000000,  0.000000,  0.000000,  0.000000,  0.000000,  0.000000,  0.000000,      -0.908158,  0.000000,  0.000000,  0.000000,  0.000000,  0.000000,  0.000000,  0.000000,       0.334793,  0.021745,  0.017328,  0.013069, 0.008965, 0.005021, 0.001298, -0.002135
0.264286,  0.005, 0.164286,  0.015, 0.0360514,  319.46, 14.6947,   0.062795,  1.000000,  0.123186,  0.110478, 0.087130, 0.055265, 0.016647, -0.026082, 259.235, 27.0528,   0.080159,  1.000000, 0.073995, 0.061228, 0.044931, 0.026149,  0.005875, -0.014901,       0.000273, -0.936973, -0.000297, -0.000306, -0.000224, -0.000063,  0.000159,  0.000417,      -0.002172, -0.063222, -0.001916, -0.001427, -0.001102, -0.000955, -0.000944, -0.001019,       0.000000, -0.303036,  0.000000,  0.000000,  0.000000,  0.000000,  0.000000,  0.000000,       0.000000, -0.909107,  0.000000,  0.000000,  0.000000,  0.000000,  0.000000,  0.000000,       0.031492,  0.386079,  0.049448,  0.044914, 0.035680, 0.023052, 0.008106, -0.008123
0.328571,  0.005, 0.178571,  0.015, 0.0444851, 195.676, 7.10973,   0.046318,  0.123186,  1.000000,  0.124754, 0.101094, 0.066905, 0.024355, -0.023497, 167.927, 14.0339,   0.069600,  0.073995, 1.000000, 0.061014, 0.049065, 0.034826,  0.019107,  0.002714,       0.000361,  0.000562, -0.925822,  0.000458,  0.000380,  0.000300,  0.000217,  0.000131,      -0.002640, -0.007017, -0.090081, -0.006397, -0.004855, -0.002842, -0.000472,  0.002110,       0.000000,  0.000000, -0.304993,  0.000000,  0.000000,  0.000000,  0.000000,  0.000000,       0.000000,  0.000000, -0.914980,  0.000000,  0.000000,  0.000000,  0.000000,  0.000000,       0.029366,  0.050001,  0.413132,  0.051155, 0.041717, 0.028079, 0.011539, -0.006695
0.392857,  0.005, 0.192857,  0.015, 0.0995869, 128.212, 4.37477,   0.033656,  0.110478,  0.124754,  1.000000, 0.097893, 0.068061, 0.030225, -0.012852, 114.279, 8.93492,   0.054813,  0.061228, 0.061014, 1.000000, 0.051390, 0.043583,  0.034475,  0.024575,       0.000354,  0.001038,  0.001109, -0.933087,  0.000779,  0.000486,  0.000134, -0.000256,      -0.002441, -0.008770, -0.009536, -0.107298, -0.006244, -0.003166,  0.000551,  0.004669,       0.000000,  0.000000,  0.000000, -0.307019,  0.000000,  0.000000,  0.000000,  0.000000,       0.000000,  0.000000,  0.000000, -0.921057,  0.000000,  0.000000,  0.000000,  0.000000,       0.024937,  0.045534,  0.051163,  0.426499, 0.040714, 0.028736, 0.013936, -0.002555
0.457143,  0.005, 0.207143,  0.015,  0.277405, 84.0112, 2.98916,   0.022623,  0.087130,  0.101094,  0.097893, 1.000000, 0.063102, 0.035241,  0.002936, 77.6386,  6.3908,   0.036993,  0.044931, 0.049065, 0.051390, 1.000000, 0.052299,  0.051178,  0.049183,       0.000291,  0.001157,  0.001276,  0.001140, -0.949389,  0.000426, -0.000086, -0.000652,      -0.001981, -0.008399, -0.009305, -0.008166, -0.117847, -0.002237,  0.002012,  0.006709,       0.000000,  0.000000,  0.000000,  0.000000, -0.307830,  0.000000,  0.000000,  0.000000,       0.000000,  0.000000,  0.000000,  0.000000, -0.923489,  0.000000,  0.000000,  0.000000,       0.018970,  0.036469,  0.041970,  0.040956, 0.431585, 0.026833, 0.015802,  0.003321
0.521429,  0.005, 0.221429,  0.015,  0.699223, 52.1117,  2.1938,   0.012308,  0.055265,  0.066905,  0.068061, 0.063102, 1.000000, 0.039526,  0.022620, 50.4337, 4.94341,   0.017068,  0.026149, 0.034826, 0.043583, 0.052299, 1.000000,  0.068443,  0.075264,       0.000197,  0.000892,  0.000993,  0.000853,  0.000547, -0.965077, -0.000427, -0.001016,      -0.001402, -0.006350, -0.007065, -0.005978, -0.003638, -0.123041,  0.003813,  0.008334,       0.000000,  0.000000,  0.000000,  0.000000,  0.000000, -0.306481,  0.000000,  0.000000,       0.000000,  0.000000,  0.000000,  0.000000,  0.000000, -0.919443,  0.000000,  0.000000,       0.011662,  0.023750,  0.028446,  0.029119, 0.027050, 0.431589, 0.017221,  0.010505
0.585714,  0.005, 0.235714,  0.015,  0.688306, 27.6601, 1.72563,   0.002465,  0.016647,  0.024355,  0.030225, 0.035241, 0.039526, 1.000000,  0.044904, 29.1188, 4.00678,  -0.004020,  0.005875, 0.019107, 0.034475, 0.051178, 0.068443,  1.000000,  0.101560,       0.000085,  0.000273,  0.000289,  0.000163, -0.000086, -0.000440, -0.970564, -0.001333,      -0.000785, -0.002982, -0.003243, -0.002275, -0.000308,  0.002503, -0.123845,  0.009622,       0.000000,  0.000000,  0.000000,  0.000000,  0.000000,  0.000000, -0.302410,  0.000000,       0.000000,  0.000000,  0.000000,  0.000000,  0.000000,  0.000000, -0.907231,  0.000000,       0.003263,  0.008108,  0.011456,  0.013978, 0.015886, 0.017265, 0.429091,  0.018530
    0.65,  0.005,     0.25,  0.015,  0.220483, 8.12193, 1.41386,  -0.006710, -0.026082, -0.023497, -0.012852, 0.002936, 0.022620, 0.044904,  1.000000, 11.7848, 3.40964,  -0.025309, -0.014901, 0.002714, 0.024575, 0.049183, 0.075264,  0.101560,  1.000000,      -0.000031, -0.000642, -0.000774, -0.000870, -0.001006, -0.001187, -0.001393, -0.957802,      -0.000166,  0.001391,  0.001803,  0.002600,  0.003985,  0.005929,  0.008231, -0.122274,       0.000000,  0.000000,  0.000000,  0.000000,  0.000000,  0.000000,  0.000000, -0.295484,       0.000000,  0.000000,  0.000000,  0.000000,  0.000000,  0.000000,  0.000000, -0.886452,      -0.005728, -0.009355, -0.007768, -0.003381, 0.002846, 0.010286, 0.018419,  0.427134