     D47, SE_D47,      D48, SE_D48, pvalue_eq,     Teq,  SE_Teq, correl_Teq,          ,          ,          ,         ,         ,         ,          ,     Tkp,  SE_Tkp, correl_Tkp,          ,         ,         ,         ,         ,          ,          , correl_D47_Teq,          ,          ,          ,          ,          ,          ,          , correl_D48_Teq,          ,          ,          ,          ,          ,          ,          , correl_D47_Tkp,          ,          ,          ,          ,          ,          ,          , correl_D48_Tkp,          ,          ,          ,          ,          ,          ,          , correl_Teq_Tkp,          ,          ,          ,         ,         ,         ,          
     0.2,  0.005,     0.15,  0.015, 0.0783659, 706.617, 69.5186,   1.000000,  0.062791,  0.046316,  0.033651, 0.022620, 0.012306, 0.002465, -0.006708, 484.305, 85.7286,   1.000000,  0.080159, 0.069600, 0.054813, 0.036993, 0.017068, -0.004020, -0.025309,      -0.954809, -0.000439, -0.000565, -0.000541, -0.000422, -0.000234,  0.000014,  0.000297,      -0.021138,  0.004719,  0.006009,  0.005749,  0.004401,  0.002141, -0.000836, -0.004236,      -0.302719,  0.000000,  0.000000,  0.000000,  0.000000,  0.000000,  0.000000,  0.000000,      -0.908158,  0.000000,  0.000000,  0.000000,  0.000000,  0.000000,  0.000000,  0.000000,       0.334791,  0.021744,  0.017328,  0.013071, 0.008966, 0.005023, 0.001298, -0.002131
0.264286,  0.005, 0.164286,  0.015, 0.0360514,  319.46, 14.6947,   0.062791,  1.000000,  0.123184,  0.110482, 0.087126, 0.055269, 0.016646, -0.026080, 259.235, 27.0528,   0.080159,  1.000000, 0.073995, 0.061228, 0.044931, 0.026149,  0.005875, -0.014901,       0.000273, -0.936973, -0.000295, -0.000307, -0.000224, -0.000063,  0.000159,  0.000415,      -0.002173, -0.063219, -0.001911, -0.001424, -0.001102, -0.000954, -0.000950, -0.001017,       0.000000, -0.303036,  0.000000,  0.000000,  0.000000,  0.000000,  0.000000,  0.000000,       0.000000, -0.909107,  0.000000,  0.000000,  0.000000,  0.000000,  0.000000,  0.000000,       0.031491,  0.386075,  0.049447,  0.044908, 0.035681, 0.023052, 0.008111, -0.008126
0.328571,  0.005, 0.178571,  0.015, 0.0444851, 195.676, 7.10971,   0.046316,  0.123184,  1.000000,  0.124756, 0.101088, 0.066910, 0.024352, -0.023496, 167.927, 14.0339,   0.069600,  0.073995, 1.000000, 0.061014, 0.049065, 0.034826,  0.019107,  0.002714,       0.000361,  0.000562, -0.925823,  0.000458,  0.000380,  0.000300,  0.000217,  0.000131,      -0.002641, -0.007017, -0.090080, -0.006391, -0.004850, -0.002842, -0.000474,  0.002104,       0.000000,  0.000000, -0.304993,  0.000000,  0.000000,  0.000000,  0.000000,  0.000000,       0.000000,  0.000000, -0.914980,  0.000000,  0.000000,  0.000000,  0.000000,  0.000000,       0.029362,  0.049996,  0.413131,  0.051160, 0.041716, 0.028083, 0.011541, -0.006699
0.392857,  0.005, 0.192857,  0.015, 0.0995869, 128.212, 4.37478,   0.033651,  0.110482,  0.124756,  1.000000, 0.097890, 0.068067, 0.030223, -0.012853, 114.279, 8.93492,   0.054813,  0.061228, 0.061014, 1.000000, 0.051390, 0.043583,  0.034475,  0.024575,       0.000354,  0.001038,  0.001109, -0.933084,  0.000779,  0.000486,  0.000133, -0.000255,      -0.002445, -0.008764, -0.009542, -0.107301, -0.006245, -0.003167,  0.000551,  0.004669,       0.000000,  0.000000,  0.000000, -0.307019,  0.000000,  0.000000,  0.000000,  0.000000,       0.000000,  0.000000,  0.000000, -0.921057,  0.000000,  0.000000,  0.000000,  0.000000,       0.024940,  0.045532,  0.051158,  0.426501, 0.040713, 0.028736, 0.013937, -0.002558
0.457143,  0.005, 0.207143,  0.015,  0.277405, 84.0112, 2.98916,   0.022620,  0.087126,  0.101088,  0.097890, 1.000000, 0.063104, 0.035237,  0.002939, 77.6386,  6.3908,   0.036993,  0.044931, 0.049065, 0.051390, 1.000000, 0.052299,  0.051178,  0.049183,       0.000291,  0.001157,  0.001276,  0.001140, -0.949392,  0.000426, -0.000085, -0.000653,      -0.001983, -0.008399, -0.009305, -0.008165, -0.117854, -0.002234,  0.002014,  0.006713,       0.000000,  0.000000,  0.000000,  0.000000, -0.307830,  0.000000,  0.000000,  0.000000,       0.000000,  0.000000,  0.000000,  0.000000, -0.923489,  0.000000,  0.000000,  0.000000,       0.018971,  0.036469,  0.041965,  0.040956, 0.431591, 0.026832, 0.015799,  0.003322
0.521429,  0.005, 0.221429,  0.015,  0.699223, 52.1117,  2.1938,   0.012306,  0.055269,  0.066910,  0.068067, 0.063104, 1.000000, 0.039524,  0.022619, 50.4337, 4.94341,   0.017068,  0.026149, 0.034826, 0.043583, 0.052299, 1.000000,  0.068443,  0.075264,       0.000197,  0.000892,  0.000993,  0.000853,  0.000547, -0.965074, -0.000427, -0.001017,      -0.001405, -0.006350, -0.007070, -0.005978, -0.003638, -0.123041,  0.003813,  0.008337,       0.000000,  0.000000,  0.000000,  0.000000,  0.000000, -0.306481,  0.000000,  0.000000,       0.000000,  0.000000,  0.000000,  0.000000,  0.000000, -0.919443,  0.000000,  0.000000,       0.011660,  0.023750,  0.028448,  0.029122, 0.027049, 0.431590, 0.017221,  0.010507
0.585714,  0.005, 0.235714,  0.015,  0.688306, 27.6601, 1.72563,   0.002465,  0.016646,  0.024352,  0.030223, 0.035237, 0.039524, 1.000000,  0.044905, 29.1188, 4.00678,  -0.004020,  0.005875, 0.019107, 0.034475, 0.051178, 0.068443,  1.000000,  0.101560,       0.000085,  0.000272,  0.000288,  0.000163, -0.000086, -0.000440, -0.970564, -0.001332,      -0.000785, -0.002986, -0.003246, -0.002276, -0.000306,  0.002504, -0.123846,  0.009625,       0.000000,  0.000000,  0.000000,  0.000000,  0.000000,  0.000000, -0.302410,  0.000000,       0.000000,  0.000000,  0.000000,  0.000000,  0.000000,  0.000000, -0.907231,  0.000000,       0.003267,  0.008113,  0.011457,  0.013977, 0.015883, 0.017264, 0.429092,  0.018532
    0.65,  0.005,     0.25,  0.015,  0.220483, 8.12193, 1.41386,  -0.006708, -0.026080, -0.023496, -0.012853, 0.002939, 0.022619, 0.044905,  1.000000, 11.7848, 3.40964,  -0.025309, -0.014901, 0.002714, 0.024575, 0.049183, 0.075264,  0.101560,  1.000000,      -0.000031, -0.000642, -0.000774, -0.000870, -0.001005, -0.001188, -0.001393, -0.957802,      -0.000170,  0.001396,  0.001806,  0.002603,  0.003984,  0.005927,  0.008228, -0.122273,       0.000000,  0.000000,  0.000000,  0.000000,  0.000000,  0.000000,  0.000000, -0.295484,       0.000000,  0.000000,  0.000000,  0.000000,  0.000000,  0.000000,  0.000000, -0.886452,      -0.005725, -0.009355, -0.007762, -0.003381, 0.002843, 0.010283, 0.018415,  0.427133