     D47, SE_D47,      D48, SE_D48, pvalue_eq,     Teq,  SE_Teq, correl_Teq,          ,          ,          ,         ,         ,         ,          ,     Tkp,  SE_Tkp, correl_Tkp,          ,         ,         ,         ,         ,          ,          , correl_D47_Teq,          ,          ,          ,          ,          ,          ,          , correl_D48_Teq,          ,          ,          ,          ,          ,          ,          , correl_D47_Tkp,          ,          ,          ,          ,          ,          ,          , correl_D48_Tkp,          ,          ,          ,          ,          ,          ,          , correl_Teq_Tkp,          ,          ,          ,         ,         ,         ,          
     0.2,  0.005,     0.15,  0.015, 0.0783659, 706.617, 69.5185,   1.000000,  0.062791,  0.046314,  0.033651, 0.022618, 0.012306, 0.002466, -0.006709, 484.305, 85.7286,   1.000000,  0.080159, 0.069600, 0.054813, 0.036993, 0.017068, -0.004020, -0.025309,      -0.954809, -0.000438, -0.000562, -0.000541, -0.000422, -0.000233,  0.000014,  0.000297,      -0.021136,  0.004710,  0.006002,  0.005750,  0.004398,  0.002138, -0.000832, -0.004233,      -0.302719,  0.000000,  0.000000,  0.000000,  0.000000,  0.000000,  0.000000,  0.000000,      -0.908158,  0.000000,  0.000000,  0.000000,  0.000000,  0.000000,  0.000000,  0.000000,       0.334788,  0.021746,  0.017325,  0.013066, 0.008964, 0.005023, 0.001299, -0.002134
0.264286,  0.005, 0.164286,  0.015, 0.0360514,  319.46, 14.6947,   0.062791,  1.000000,  0.123181,  0.110489, 0.087130, 0.055265, 0.016640, -0.026080, 259.235, 27.0528,   0.080159,  1.000000, 0.073995, 0.061228, 0.044931, 0.026149,  0.005875, -0.014901,       0.000273, -0.936971, -0.000296, -0.000308, -0.000224, -0.000063,  0.000158,  0.000417,      -0.002175, -0.063227, -0.001915, -0.001427, -0.001103, -0.000952, -0.000946, -0.001017,       0.000000, -0.303036,  0.000000,  0.000000,  0.000000,  0.000000,  0.000000,  0.000000,       0.000000, -0.909107,  0.000000,  0.000000,  0.000000,  0.000000,  0.000000,  0.000000,       0.031501,  0.386084,  0.049446,  0.044917, 0.035685, 0.023052, 0.008109, -0.008129
0.328571,  0.005, 0.178571,  0.015, 0.0444851, 195.676, 7.10966,   0.046314,  0.123181,  1.000000,  0.124755, 0.101086, 0.066901, 0.024344, -0.023488, 167.927, 14.0339,   0.069600,  0.073995, 1.000000, 0.061014, 0.049065, 0.034826,  0.019107,  0.002714,       0.000361,  0.000563, -0.925830,  0.000459,  0.000380,  0.000299,  0.000217,  0.000130,      -0.002639, -0.007014, -0.090073, -0.006397, -0.004851, -0.002842, -0.000475,  0.002107,       0.000000,  0.000000, -0.304993,  0.000000,  0.000000,  0.000000,  0.000000,  0.000000,       0.000000,  0.000000, -0.914980,  0.000000,  0.000000,  0.000000,  0.000000,  0.000000,       0.029367,  0.050000,  0.413125,  0.051153, 0.041709, 0.028080, 0.011536, -0.006696
0.392857,  0.005, 0.192857,  0.015, 0.0995869, 128.212,  4.3748,   0.033651,  0.110489,  0.124755,  1.000000, 0.097897, 0.068063, 0.030217, -0.012850, 114.279, 8.93492,   0.054813,  0.061228, 0.061014, 1.000000, 0.051390, 0.043583,  0.034475,  0.024575,       0.000353,  0.001038,  0.001109, -0.933079,  0.000779,  0.000485,  0.000133, -0.000255,      -0.002439, -0.008772, -0.009536, -0.107299, -0.006238, -0.003165,  0.000554,  0.004672,       0.000000,  0.000000,  0.000000, -0.307019,  0.000000,  0.000000,  0.000000,  0.000000,       0.000000,  0.000000,  0.000000, -0.921057,  0.000000,  0.000000,  0.000000,  0.000000,       0.024942,  0.045537,  0.051165,  0.426500, 0.040710, 0.028736, 0.013934, -0.002556
0.457143,  0.005, 0.207143,  0.015,  0.277405, 84.0112, 2.98916,   0.022618,  0.087130,  0.101086,  0.097897, 1.000000, 0.063100, 0.035234,  0.002942, 77.6386,  6.3908,   0.036993,  0.044931, 0.049065, 0.051390, 1.000000, 0.052299,  0.051178,  0.049183,       0.000292,  0.001156,  0.001277,  0.001138, -0.949390,  0.000425, -0.000086, -0.000652,      -0.001981, -0.008403, -0.009300, -0.008160, -0.117849, -0.002236,  0.002012,  0.006706,       0.000000,  0.000000,  0.000000,  0.000000, -0.307830,  0.000000,  0.000000,  0.000000,       0.000000,  0.000000,  0.000000,  0.000000, -0.923489,  0.000000,  0.000000,  0.000000,       0.018973,  0.036470,  0.041966,  0.040950, 0.431587, 0.026833, 0.015804,  0.003321
0.521429,  0.005, 0.221429,  0.015,  0.699223, 52.1117,  2.1938,   0.012306,  0.055265,  0.066901,  0.068063, 0.063100, 1.000000, 0.039521,  0.022626, 50.4337, 4.94341,   0.017068,  0.026149, 0.034826, 0.043583, 0.052299, 1.000000,  0.068443,  0.075264,       0.000197,  0.000891,  0.000994,  0.000853,  0.000547, -0.965077, -0.000426, -0.001018,      -0.001405, -0.006350, -0.007069, -0.005978, -0.003638, -0.123040,  0.003812,  0.008329,       0.000000,  0.000000,  0.000000,  0.000000,  0.000000, -0.306481,  0.000000,  0.000000,       0.000000,  0.000000,  0.000000,  0.000000,  0.000000, -0.919443,  0.000000,  0.000000,       0.011662,  0.023746,  0.028446,  0.029118, 0.027050, 0.431589, 0.017222,  0.010507
0.585714,  0.005, 0.235714,  0.015,  0.688306, 27.6601, 1.72563,   0.002466,  0.016640,  0.024344,  0.030217, 0.035234, 0.039521, 1.000000,  0.044907, 29.1188, 4.00678,  -0.004020,  0.005875, 0.019107, 0.034475, 0.051178, 0.068443,  1.000000,  0.101560,       0.000085,  0.000273,  0.000289,  0.000163, -0.000086, -0.000441, -0.970564, -0.001332,      -0.000785, -0.002985, -0.003242, -0.002274, -0.000310,  0.002503, -0.123847,  0.009625,       0.000000,  0.000000,  0.000000,  0.000000,  0.000000,  0.000000, -0.302410,  0.000000,       0.000000,  0.000000,  0.000000,  0.000000,  0.000000,  0.000000, -0.907231,  0.000000,       0.003262,  0.008107,  0.011455,  0.013972, 0.015884, 0.017264, 0.429093,  0.018534
    0.65,  0.005,     0.25,  0.015,  0.220483, 8.12193, 1.41386,  -0.006709, -0.026080, -0.023488, -0.012850, 0.002942, 0.022626, 0.044907,  1.000000, 11.7848, 3.40964,  -0.025309, -0.014901, 0.002714, 0.024575, 0.049183, 0.075264,  0.101560,  1.000000,      -0.000031, -0.000642, -0.000774, -0.000871, -0.001006, -0.001187, -0.001393, -0.957803,      -0.000166,  0.001397,  0.001802,  0.002598,  0.003985,  0.005927,  0.008228, -0.122277,       0.000000,  0.000000,  0.000000,  0.000000,  0.000000,  0.000000,  0.000000, -0.295484,       0.000000,  0.000000,  0.000000,  0.000000,  0.000000,  0.000000,  0.000000, -0.886452,      -0.005727, -0.009355, -0.007763, -0.003383, 0.002851, 0.010292, 0.018416,  0.427137