     D47, SE_D47,      D48, SE_D48, pvalue_eq,     Teq,  SE_Teq, correl_Teq,          ,          ,          ,         ,         ,         ,          ,     Tkp,  SE_Tkp, correl_Tkp,          ,         ,         ,         ,         ,          ,          , correl_D47_Teq,          ,          ,          ,          ,          ,          ,          , correl_D48_Teq,          ,          ,          ,          ,          ,          ,          , correl_D47_Tkp,          ,          ,          ,          ,          ,          ,          , correl_D48_Tkp,          ,          ,          ,          ,          ,          ,          , correl_Teq_Tkp,          ,          ,          ,         ,         ,         ,          
     0.2,  0.005,     0.15,  0.015, 0.0783659, 706.617, 69.5186,   1.000000,  0.062793,  0.046316,  0.033653, 0.022620, 0.012305, 0.002464, -0.006709, 484.305, 85.7286,   1.000000,  0.080159, 0.069600, 0.054813, 0.036993, 0.017068, -0.004020, -0.025309,      -0.954809, -0.000438, -0.000562, -0.000541, -0.000423, -0.000232,  0.000015,  0.000297,      -0.021137,  0.004714,  0.006009,  0.005750,  0.004400,  0.002140, -0.000832, -0.004232,      -0.302719,  0.000000,  0.000000,  0.000000,  0.000000,  0.000000,  0.000000,  0.000000,      -0.908158,  0.000000,  0.000000,  0.000000,  0.000000,  0.000000,  0.000000,  0.000000,       0.334791,  0.021751,  0.017331,  0.013066, 0.008964, 0.005022, 0.001297, -0.002132
0.264286,  0.005, 0.164286,  0.015, 0.0360514,  319.46, 14.6946,   0.062793,  1.000000,  0.123180,  0.110479, 0.087129, 0.055264, 0.016642, -0.026078, 259.235, 27.0528,   0.080159,  1.000000, 0.073995, 0.061228, 0.044931, 0.026149,  0.005875, -0.014901,       0.000273, -0.936978, -0.000296, -0.000308, -0.000224, -0.000062,  0.000160,  0.000415,      -0.002179, -0.063211, -0.001912, -0.001423, -0.001102, -0.000953, -0.000948, -0.001024,       0.000000, -0.303036,  0.000000,  0.000000,  0.000000,  0.000000,  0.000000,  0.000000,       0.000000, -0.909107,  0.000000,  0.000000,  0.000000,  0.000000,  0.000000,  0.000000,       0.031494,  0.386068,  0.049439,  0.044916, 0.035686, 0.023054, 0.008105, -0.008123
0.328571,  0.005, 0.178571,  0.015, 0.0444851, 195.676, 7.10972,   0.046316,  0.123180,  1.000000,  0.124757, 0.101098, 0.066908, 0.024351, -0.023498, 167.927, 14.0339,   0.069600,  0.073995, 1.000000, 0.061014, 0.049065, 0.034826,  0.019107,  0.002714,       0.000361,  0.000561, -0.925823,  0.000458,  0.000379,  0.000299,  0.000216,  0.000131,      -0.002644, -0.007010, -0.090082, -0.006394, -0.004851, -0.002840, -0.000476,  0.002113,       0.000000,  0.000000, -0.304993,  0.000000,  0.000000,  0.000000,  0.000000,  0.000000,       0.000000,  0.000000, -0.914980,  0.000000,  0.000000,  0.000000,  0.000000,  0.000000,       0.029362,  0.049998,  0.413132,  0.051156, 0.041717, 0.028083, 0.011539, -0.006701
0.392857,  0.005, 0.192857,  0.015, 0.0995869, 128.212, 4.37478,   0.033653,  0.110479,  0.124757,  1.000000, 0.097900, 0.068066, 0.030221, -0.012852, 114.279, 8.93492,   0.054813,  0.061228, 0.061014, 1.000000, 0.051390, 0.043583,  0.034475,  0.024575,       0.000354,  0.001039,  0.001109, -0.933083,  0.000779,  0.000485,  0.000134, -0.000257,      -0.002439, -0.008774, -0.009537, -0.107295, -0.006238, -0.003168,  0.000555,  0.004669,       0.000000,  0.000000,  0.000000, -0.307019,  0.000000,  0.000000,  0.000000,  0.000000,       0.000000,  0.000000,  0.000000, -0.921057,  0.000000,  0.000000,  0.000000,  0.000000,       0.024941,  0.045533,  0.051162,  0.426497, 0.040714, 0.028737, 0.013936, -0.002558
0.457143,  0.005, 0.207143,  0.015,  0.277405, 84.0112, 2.98917,   0.022620,  0.087129,  0.101098,  0.097900, 1.000000, 0.063106, 0.035238,  0.002935, 77.6386,  6.3908,   0.036993,  0.044931, 0.049065, 0.051390, 1.000000, 0.052299,  0.051178,  0.049183,       0.000291,  0.001156,  0.001276,  0.001138, -0.949386,  0.000426, -0.000086, -0.000653,      -0.001981, -0.008405, -0.009306, -0.008165, -0.117848, -0.002240,  0.002012,  0.006709,       0.000000,  0.000000,  0.000000,  0.000000, -0.307830,  0.000000,  0.000000,  0.000000,       0.000000,  0.000000,  0.000000,  0.000000, -0.923489,  0.000000,  0.000000,  0.000000,       0.018971,  0.036470,  0.041967,  0.040951, 0.431586, 0.026835, 0.015804,  0.003321
0.521429,  0.005, 0.221429,  0.015,  0.699223, 52.1117,  2.1938,   0.012305,  0.055264,  0.066908,  0.068066, 0.063106, 1.000000, 0.039524,  0.022621, 50.4337, 4.94341,   0.017068,  0.026149, 0.034826, 0.043583, 0.052299, 1.000000,  0.068443,  0.075264,       0.000197,  0.000892,  0.000993,  0.000853,  0.000548, -0.965075, -0.000426, -0.001018,      -0.001403, -0.006352, -0.007070, -0.005980, -0.003640, -0.123044,  0.003813,  0.008328,       0.000000,  0.000000,  0.000000,  0.000000,  0.000000, -0.306481,  0.000000,  0.000000,       0.000000,  0.000000,  0.000000,  0.000000,  0.000000, -0.919443,  0.000000,  0.000000,       0.011661,  0.023748,  0.028446,  0.029122, 0.027054, 0.431592, 0.017221,  0.010506
0.585714,  0.005, 0.235714,  0.015,  0.688306, 27.6601, 1.72563,   0.002464,  0.016642,  0.024351,  0.030221, 0.035238, 0.039524, 1.000000,  0.044904, 29.1188, 4.00678,  -0.004020,  0.005875, 0.019107, 0.034475, 0.051178, 0.068443,  1.000000,  0.101560,       0.000085,  0.000274,  0.000289,  0.000163, -0.000086, -0.000440, -0.970564, -0.001333,      -0.000784, -0.002979, -0.003245, -0.002276, -0.000310,  0.002504, -0.123848,  0.009631,       0.000000,  0.000000,  0.000000,  0.000000,  0.000000,  0.000000, -0.302410,  0.000000,       0.000000,  0.000000,  0.000000,  0.000000,  0.000000,  0.000000, -0.907231,  0.000000,       0.003262,  0.008111,  0.011458,  0.013973, 0.015885, 0.017264, 0.429093,  0.018530
    0.65,  0.005,     0.25,  0.015,  0.220483, 8.12193, 1.41386,  -0.006709, -0.026078, -0.023498, -0.012852, 0.002935, 0.022621, 0.044904,  1.000000, 11.7848, 3.40964,  -0.025309, -0.014901, 0.002714, 0.024575, 0.049183, 0.075264,  0.101560,  1.000000,      -0.000031, -0.000642, -0.000774, -0.000871, -0.001005, -0.001188, -0.001393, -0.957801,      -0.000170,  0.001393,  0.001807,  0.002602,  0.003986,  0.005927,  0.008230, -0.122276,       0.000000,  0.000000,  0.000000,  0.000000,  0.000000,  0.000000,  0.000000, -0.295484,       0.000000,  0.000000,  0.000000,  0.000000,  0.000000,  0.000000,  0.000000, -0.886452,      -0.005728, -0.009350, -0.007770, -0.003381, 0.002847, 0.010292, 0.018411,  0.427135