     D47, SE_D47,      D48, SE_D48, pvalue_eq,     Teq,  SE_Teq, correl_Teq,          ,          ,          ,         ,         ,         ,          ,     Tkp,  SE_Tkp, correl_Tkp,          ,         ,         ,         ,         ,          ,          , correl_D47_Teq,          ,          ,          ,          ,          ,          ,          , correl_D48_Teq,          ,          ,          ,          ,          ,          ,          , correl_D47_Tkp,          ,          ,          ,          ,          ,          ,          , correl_D48_Tkp,          ,          ,          ,          ,          ,          ,          , correl_Teq_Tkp,          ,          ,          ,         ,         ,         ,          
     0.2,  0.005,     0.15,  0.015, 0.0783659, 706.617, 69.5186,   1.000000,  0.062792,  0.046315,  0.033651, 0.022618, 0.012306, 0.002465, -0.006709, 484.305, 85.7286,   1.000000,  0.080159, 0.069600, 0.054813, 0.036993, 0.017068, -0.004020, -0.025309,      -0.954810, -0.000438, -0.000562, -0.000540, -0.000422, -0.000232,  0.000015,  0.000297,      -0.021134,  0.004714,  0.006007,  0.005751,  0.004397,  0.002139, -0.000834, -0.004235,      -0.302719,  0.000000,  0.000000,  0.000000,  0.000000,  0.000000,  0.000000,  0.000000,      -0.908158,  0.000000,  0.000000,  0.000000,  0.000000,  0.000000,  0.000000,  0.000000,       0.334787,  0.021749,  0.017326,  0.013068, 0.008963, 0.005021, 0.001296, -0.002133
0.264286,  0.005, 0.164286,  0.015, 0.0360514,  319.46, 14.6946,   0.062792,  1.000000,  0.123178,  0.110481, 0.087135, 0.055264, 0.016641, -0.026076, 259.235, 27.0528,   0.080159,  1.000000, 0.073995, 0.061228, 0.044931, 0.026149,  0.005875, -0.014901,       0.000273, -0.936977, -0.000298, -0.000308, -0.000224, -0.000063,  0.000159,  0.000416,      -0.002178, -0.063217, -0.001914, -0.001424, -0.001106, -0.000955, -0.000944, -0.001023,       0.000000, -0.303036,  0.000000,  0.000000,  0.000000,  0.000000,  0.000000,  0.000000,       0.000000, -0.909107,  0.000000,  0.000000,  0.000000,  0.000000,  0.000000,  0.000000,       0.031495,  0.386073,  0.049441,  0.044914, 0.035684, 0.023056, 0.008108, -0.008125
0.328571,  0.005, 0.178571,  0.015, 0.0444851, 195.676, 7.10968,   0.046315,  0.123178,  1.000000,  0.124753, 0.101100, 0.066903, 0.024349, -0.023491, 167.927, 14.0339,   0.069600,  0.073995, 1.000000, 0.061014, 0.049065, 0.034826,  0.019107,  0.002714,       0.000361,  0.000562, -0.925827,  0.000458,  0.000380,  0.000300,  0.000217,  0.000131,      -0.002639, -0.007011, -0.090081, -0.006389, -0.004855, -0.002842, -0.000475,  0.002120,       0.000000,  0.000000, -0.304993,  0.000000,  0.000000,  0.000000,  0.000000,  0.000000,       0.000000,  0.000000, -0.914980,  0.000000,  0.000000,  0.000000,  0.000000,  0.000000,       0.029362,  0.049999,  0.413132,  0.051156, 0.041718, 0.028080, 0.011537, -0.006698
0.392857,  0.005, 0.192857,  0.015, 0.0995869, 128.212, 4.37478,   0.033651,  0.110481,  0.124753,  1.000000, 0.097905, 0.068065, 0.030220, -0.012849, 114.279, 8.93492,   0.054813,  0.061228, 0.061014, 1.000000, 0.051390, 0.043583,  0.034475,  0.024575,       0.000355,  0.001038,  0.001108, -0.933083,  0.000778,  0.000485,  0.000134, -0.000255,      -0.002441, -0.008771, -0.009538, -0.107292, -0.006239, -0.003166,  0.000553,  0.004671,       0.000000,  0.000000,  0.000000, -0.307019,  0.000000,  0.000000,  0.000000,  0.000000,       0.000000,  0.000000,  0.000000, -0.921057,  0.000000,  0.000000,  0.000000,  0.000000,       0.024939,  0.045533,  0.051157,  0.426494, 0.040713, 0.028744, 0.013939, -0.002558
0.457143,  0.005, 0.207143,  0.015,  0.277405, 84.0112, 2.98919,   0.022618,  0.087135,  0.101100,  0.097905, 1.000000, 0.063107, 0.035237,  0.002937, 77.6386,  6.3908,   0.036993,  0.044931, 0.049065, 0.051390, 1.000000, 0.052299,  0.051178,  0.049183,       0.000292,  0.001157,  0.001276,  0.001139, -0.949381,  0.000426, -0.000086, -0.000653,      -0.001980, -0.008403, -0.009308, -0.008164, -0.117848, -0.002236,  0.002013,  0.006709,       0.000000,  0.000000,  0.000000,  0.000000, -0.307830,  0.000000,  0.000000,  0.000000,       0.000000,  0.000000,  0.000000,  0.000000, -0.923489,  0.000000,  0.000000,  0.000000,       0.018976,  0.036477,  0.041974,  0.040954, 0.431585, 0.026832, 0.015801,  0.003317
0.521429,  0.005, 0.221429,  0.015,  0.699223, 52.1117,  2.1938,   0.012306,  0.055264,  0.066903,  0.068065, 0.063107, 1.000000, 0.039522,  0.022623, 50.4337, 4.94341,   0.017068,  0.026149, 0.034826, 0.043583, 0.052299, 1.000000,  0.068443,  0.075264,       0.000196,  0.000892,  0.000994,  0.000853,  0.000547, -0.965076, -0.000426, -0.001017,      -0.001402, -0.006354, -0.007068, -0.005986, -0.003636, -0.123043,  0.003815,  0.008334,       0.000000,  0.000000,  0.000000,  0.000000,  0.000000, -0.306481,  0.000000,  0.000000,       0.000000,  0.000000,  0.000000,  0.000000,  0.000000, -0.919443,  0.000000,  0.000000,       0.011661,  0.023750,  0.028446,  0.029119, 0.027049, 0.431592, 0.017221,  0.010507
0.585714,  0.005, 0.235714,  0.015,  0.688306, 27.6601, 1.72563,   0.002465,  0.016641,  0.024349,  0.030220, 0.035237, 0.039522, 1.000000,  0.044906, 29.1188, 4.00678,  -0.004020,  0.005875, 0.019107, 0.034475, 0.051178, 0.068443,  1.000000,  0.101560,       0.000085,  0.000273,  0.000289,  0.000163, -0.000086, -0.000440, -0.970564, -0.001332,      -0.000783, -0.002982, -0.003243, -0.002277, -0.000308,  0.002503, -0.123847,  0.009630,       0.000000,  0.000000,  0.000000,  0.000000,  0.000000,  0.000000, -0.302410,  0.000000,       0.000000,  0.000000,  0.000000,  0.000000,  0.000000,  0.000000, -0.907231,  0.000000,       0.003265,  0.008107,  0.011457,  0.013975, 0.015884, 0.017261, 0.429091,  0.018533
    0.65,  0.005,     0.25,  0.015,  0.220483, 8.12193, 1.41386,  -0.006709, -0.026076, -0.023491, -0.012849, 0.002937, 0.022623, 0.044906,  1.000000, 11.7848, 3.40964,  -0.025309, -0.014901, 0.002714, 0.024575, 0.049183, 0.075264,  0.101560,  1.000000,      -0.000031, -0.000642, -0.000774, -0.000871, -0.001005, -0.001187, -0.001394, -0.957803,      -0.000168,  0.001396,  0.001805,  0.002603,  0.003988,  0.005926,  0.008226, -0.122272,       0.000000,  0.000000,  0.000000,  0.000000,  0.000000,  0.000000,  0.000000, -0.295484,       0.000000,  0.000000,  0.000000,  0.000000,  0.000000,  0.000000,  0.000000, -0.886452,      -0.005726, -0.009350, -0.007775, -0.003381, 0.002849, 0.010289, 0.018414,  0.427135