     D47, SE_D47,      D48, SE_D48, pvalue_eq,     Teq,  SE_Teq, correl_Teq,          ,          ,          ,         ,         ,         ,          ,     Tkp,  SE_Tkp, correl_Tkp,          ,         ,         ,         ,         ,          ,          , correl_D47_Teq,          ,          ,          ,          ,          ,          ,          , correl_D48_Teq,          ,          ,          ,          ,          ,          ,          , correl_D47_Tkp,          ,          ,          ,          ,          ,          ,          , correl_D48_Tkp,          ,          ,          ,          ,          ,          ,          , correl_Teq_Tkp,          ,          ,          ,         ,         ,         ,          
     0.2,  0.005,     0.15,  0.015, 0.0783659, 706.617, 69.5186,   1.000000,  0.062795,  0.046319,  0.033654, 0.022622, 0.012309, 0.002466, -0.006711, 484.305, 85.7286,   1.000000,  0.080159, 0.069600, 0.054813, 0.036993, 0.017068, -0.004020, -0.025309,      -0.954810, -0.000437, -0.000563, -0.000540, -0.000423, -0.000233,  0.000013,  0.000297,      -0.021136,  0.004722,  0.006009,  0.005754,  0.004403,  0.002140, -0.000834, -0.004239,      -0.302719,  0.000000,  0.000000,  0.000000,  0.000000,  0.000000,  0.000000,  0.000000,      -0.908158,  0.000000,  0.000000,  0.000000,  0.000000,  0.000000,  0.000000,  0.000000,       0.334791,  0.021749,  0.017327,  0.013071, 0.008967, 0.005021, 0.001296, -0.002134
0.264286,  0.005, 0.164286,  0.015, 0.0360514,  319.46, 14.6946,   0.062795,  1.000000,  0.123180,  0.110482, 0.087133, 0.055262, 0.016642, -0.026076, 259.235, 27.0528,   0.080159,  1.000000, 0.073995, 0.061228, 0.044931, 0.026149,  0.005875, -0.014901,       0.000272, -0.936979, -0.000297, -0.000308, -0.000224, -0.000063,  0.000159,  0.000418,      -0.002175, -0.063220, -0.001914, -0.001428, -0.001103, -0.000951, -0.000944, -0.001022,       0.000000, -0.303036,  0.000000,  0.000000,  0.000000,  0.000000,  0.000000,  0.000000,       0.000000, -0.909107,  0.000000,  0.000000,  0.000000,  0.000000,  0.000000,  0.000000,       0.031489,  0.386077,  0.049442,  0.044914, 0.035689, 0.023055, 0.008109, -0.008127
0.328571,  0.005, 0.178571,  0.015, 0.0444851, 195.676, 7.10972,   0.046319,  0.123180,  1.000000,  0.124762, 0.101103, 0.066905, 0.024349, -0.023493, 167.927, 14.0339,   0.069600,  0.073995, 1.000000, 0.061014, 0.049065, 0.034826,  0.019107,  0.002714,       0.000360,  0.000562, -0.925821,  0.000459,  0.000380,  0.000300,  0.000217,  0.000131,      -0.002639, -0.007012, -0.090080, -0.006390, -0.004848, -0.002844, -0.000473,  0.002115,       0.000000,  0.000000, -0.304993,  0.000000,  0.000000,  0.000000,  0.000000,  0.000000,       0.000000,  0.000000, -0.914980,  0.000000,  0.000000,  0.000000,  0.000000,  0.000000,       0.029362,  0.050001,  0.413131,  0.051156, 0.041717, 0.028080, 0.011532, -0.006702
0.392857,  0.005, 0.192857,  0.015, 0.0995869, 128.212,  4.3748,   0.033654,  0.110482,  0.124762,  1.000000, 0.097907, 0.068065, 0.030222, -0.012848, 114.279, 8.93492,   0.054813,  0.061228, 0.061014, 1.000000, 0.051390, 0.043583,  0.034475,  0.024575,       0.000354,  0.001038,  0.001109, -0.933079,  0.000779,  0.000486,  0.000133, -0.000257,      -0.002443, -0.008771, -0.009537, -0.107294, -0.006238, -0.003170,  0.000554,  0.004667,       0.000000,  0.000000,  0.000000, -0.307019,  0.000000,  0.000000,  0.000000,  0.000000,       0.000000,  0.000000,  0.000000, -0.921057,  0.000000,  0.000000,  0.000000,  0.000000,       0.024937,  0.045538,  0.051158,  0.426495, 0.040713, 0.028737, 0.013935, -0.002560
0.457143,  0.005, 0.207143,  0.015,  0.277405, 84.0112, 2.98918,   0.022622,  0.087133,  0.101103,  0.097907, 1.000000, 0.063106, 0.035237,  0.002938, 77.6386,  6.3908,   0.036993,  0.044931, 0.049065, 0.051390, 1.000000, 0.052299,  0.051178,  0.049183,       0.000292,  0.001156,  0.001276,  0.001139, -0.949382,  0.000426, -0.000085, -0.000653,      -0.001983, -0.008409, -0.009306, -0.008163, -0.117844, -0.002239,  0.002016,  0.006712,       0.000000,  0.000000,  0.000000,  0.000000, -0.307830,  0.000000,  0.000000,  0.000000,       0.000000,  0.000000,  0.000000,  0.000000, -0.923489,  0.000000,  0.000000,  0.000000,       0.018970,  0.036473,  0.041966,  0.040953, 0.431583, 0.026835, 0.015802,  0.003321
0.521429,  0.005, 0.221429,  0.015,  0.699223, 52.1117,  2.1938,   0.012309,  0.055262,  0.066905,  0.068065, 0.063106, 1.000000, 0.039523,  0.022624, 50.4337, 4.94341,   0.017068,  0.026149, 0.034826, 0.043583, 0.052299, 1.000000,  0.068443,  0.075264,       0.000197,  0.000892,  0.000994,  0.000853,  0.000547, -0.965077, -0.000426, -0.001017,      -0.001402, -0.006354, -0.007068, -0.005979, -0.003639, -0.123043,  0.003813,  0.008330,       0.000000,  0.000000,  0.000000,  0.000000,  0.000000, -0.306481,  0.000000,  0.000000,       0.000000,  0.000000,  0.000000,  0.000000,  0.000000, -0.919443,  0.000000,  0.000000,       0.011662,  0.023747,  0.028448,  0.029122, 0.027051, 0.431590, 0.017218,  0.010506
0.585714,  0.005, 0.235714,  0.015,  0.688306, 27.6601, 1.72563,   0.002466,  0.016642,  0.024349,  0.030222, 0.035237, 0.039523, 1.000000,  0.044905, 29.1188, 4.00678,  -0.004020,  0.005875, 0.019107, 0.034475, 0.051178, 0.068443,  1.000000,  0.101560,       0.000085,  0.000273,  0.000288,  0.000162, -0.000086, -0.000440, -0.970564, -0.001333,      -0.000784, -0.002985, -0.003238, -0.002275, -0.000308,  0.002505, -0.123848,  0.009631,       0.000000,  0.000000,  0.000000,  0.000000,  0.000000,  0.000000, -0.302410,  0.000000,       0.000000,  0.000000,  0.000000,  0.000000,  0.000000,  0.000000, -0.907231,  0.000000,       0.003264,  0.008106,  0.011456,  0.013974, 0.015881, 0.017264, 0.429094,  0.018531
    0.65,  0.005,     0.25,  0.015,  0.220483, 8.12193, 1.41386,  -0.006711, -0.026076, -0.023493, -0.012848, 0.002938, 0.022624, 0.044905,  1.000000, 11.7848, 3.40964,  -0.025309, -0.014901, 0.002714, 0.024575, 0.049183, 0.075264,  0.101560,  1.000000,      -0.000031, -0.000642, -0.000774, -0.000870, -0.001005, -0.001187, -0.001393, -0.957804,      -0.000169,  0.001396,  0.001808,  0.002603,  0.003985,  0.005926,  0.008230, -0.122270,       0.000000,  0.000000,  0.000000,  0.000000,  0.000000,  0.000000,  0.000000, -0.295484,       0.000000,  0.000000,  0.000000,  0.000000,  0.000000,  0.000000,  0.000000, -0.886452,      -0.005722, -0.009350, -0.007770, -0.003377, 0.002846, 0.010292, 0.018412,  0.427132