     D47, SE_D47,      D48, SE_D48, pvalue_eq,     Teq,  SE_Teq, correl_Teq,          ,          ,          ,         ,         ,         ,          ,     Tkp,  SE_Tkp, correl_Tkp,          ,         ,         ,         ,         ,          ,          , correl_D47_Teq,          ,          ,          ,          ,          ,          ,          , correl_D48_Teq,          ,          ,          ,          ,          ,          ,          , correl_D47_Tkp,          ,          ,          ,          ,          ,          ,          , correl_D48_Tkp,          ,          ,          ,          ,          ,          ,          , correl_Teq_Tkp,          ,          ,          ,         ,         ,         ,          
     0.2,  0.005,     0.15,  0.015, 0.0783659, 706.617, 69.5186,   1.000000,  0.062793,  0.046316,  0.033650, 0.022619, 0.012306, 0.002464, -0.006712, 484.305, 85.7286,   1.000000,  0.080159, 0.069600, 0.054813, 0.036993, 0.017068, -0.004020, -0.025309,      -0.954810, -0.000438, -0.000563, -0.000538, -0.000422, -0.000232,  0.000014,  0.000299,      -0.021139,  0.004712,  0.006010,  0.005742,  0.004398,  0.002137, -0.000833, -0.004240,      -0.302719,  0.000000,  0.000000,  0.000000,  0.000000,  0.000000,  0.000000,  0.000000,      -0.908158,  0.000000,  0.000000,  0.000000,  0.000000,  0.000000,  0.000000,  0.000000,       0.334792,  0.021748,  0.017326,  0.013067, 0.008966, 0.005020, 0.001296, -0.002132
0.264286,  0.005, 0.164286,  0.015, 0.0360514,  319.46, 14.6946,   0.062793,  1.000000,  0.123186,  0.110483, 0.087134, 0.055267, 0.016642, -0.026075, 259.235, 27.0528,   0.080159,  1.000000, 0.073995, 0.061228, 0.044931, 0.026149,  0.005875, -0.014901,       0.000273, -0.936975, -0.000296, -0.000308, -0.000224, -0.000063,  0.000160,  0.000415,      -0.002177, -0.063220, -0.001919, -0.001428, -0.001101, -0.000956, -0.000949, -0.001013,       0.000000, -0.303036,  0.000000,  0.000000,  0.000000,  0.000000,  0.000000,  0.000000,       0.000000, -0.909107,  0.000000,  0.000000,  0.000000,  0.000000,  0.000000,  0.000000,       0.031497,  0.386076,  0.049444,  0.044911, 0.035684, 0.023056, 0.008105, -0.008126
0.328571,  0.005, 0.178571,  0.015, 0.0444851, 195.676, 7.10974,   0.046316,  0.123186,  1.000000,  0.124763, 0.101103, 0.066911, 0.024351, -0.023493, 167.927, 14.0339,   0.069600,  0.073995, 1.000000, 0.061014, 0.049065, 0.034826,  0.019107,  0.002714,       0.000361,  0.000562, -0.925819,  0.000458,  0.000380,  0.000300,  0.000217,  0.000131,      -0.002639, -0.007014, -0.090080, -0.006395, -0.004851, -0.002845, -0.000474,  0.002112,       0.000000,  0.000000, -0.304993,  0.000000,  0.000000,  0.000000,  0.000000,  0.000000,       0.000000,  0.000000, -0.914980,  0.000000,  0.000000,  0.000000,  0.000000,  0.000000,       0.029361,  0.050005,  0.413131,  0.051155, 0.041716, 0.028084, 0.011539, -0.006699
0.392857,  0.005, 0.192857,  0.015, 0.0995869, 128.212, 4.37479,   0.033650,  0.110483,  0.124763,  1.000000, 0.097904, 0.068068, 0.030221, -0.012849, 114.279, 8.93492,   0.054813,  0.061228, 0.061014, 1.000000, 0.051390, 0.043583,  0.034475,  0.024575,       0.000354,  0.001039,  0.001109, -0.933081,  0.000779,  0.000485,  0.000133, -0.000256,      -0.002439, -0.008767, -0.009535, -0.107294, -0.006236, -0.003168,  0.000553,  0.004666,       0.000000,  0.000000,  0.000000, -0.307019,  0.000000,  0.000000,  0.000000,  0.000000,       0.000000,  0.000000,  0.000000, -0.921057,  0.000000,  0.000000,  0.000000,  0.000000,       0.024948,  0.045538,  0.051163,  0.426495, 0.040714, 0.028741, 0.013931, -0.002562
0.457143,  0.005, 0.207143,  0.015,  0.277405, 84.0112, 2.98918,   0.022619,  0.087134,  0.101103,  0.097904, 1.000000, 0.063108, 0.035237,  0.002937, 77.6386,  6.3908,   0.036993,  0.044931, 0.049065, 0.051390, 1.000000, 0.052299,  0.051178,  0.049183,       0.000292,  0.001156,  0.001277,  0.001139, -0.949383,  0.000426, -0.000086, -0.000652,      -0.001982, -0.008403, -0.009303, -0.008165, -0.117848, -0.002237,  0.002015,  0.006710,       0.000000,  0.000000,  0.000000,  0.000000, -0.307830,  0.000000,  0.000000,  0.000000,       0.000000,  0.000000,  0.000000,  0.000000, -0.923489,  0.000000,  0.000000,  0.000000,       0.018975,  0.036471,  0.041969,  0.040950, 0.431585, 0.026833, 0.015798,  0.003318
0.521429,  0.005, 0.221429,  0.015,  0.699223, 52.1117,  2.1938,   0.012306,  0.055267,  0.066911,  0.068068, 0.063108, 1.000000, 0.039523,  0.022622, 50.4337, 4.94341,   0.017068,  0.026149, 0.034826, 0.043583, 0.052299, 1.000000,  0.068443,  0.075264,       0.000197,  0.000891,  0.000993,  0.000853,  0.000547, -0.965075, -0.000426, -0.001017,      -0.001401, -0.006354, -0.007070, -0.005985, -0.003638, -0.123043,  0.003812,  0.008334,       0.000000,  0.000000,  0.000000,  0.000000,  0.000000, -0.306481,  0.000000,  0.000000,       0.000000,  0.000000,  0.000000,  0.000000,  0.000000, -0.919443,  0.000000,  0.000000,       0.011664,  0.023752,  0.028450,  0.029122, 0.027050, 0.431591, 0.017220,  0.010504
0.585714,  0.005, 0.235714,  0.015,  0.688306, 27.6601, 1.72563,   0.002464,  0.016642,  0.024351,  0.030221, 0.035237, 0.039523, 1.000000,  0.044905, 29.1188, 4.00678,  -0.004020,  0.005875, 0.019107, 0.034475, 0.051178, 0.068443,  1.000000,  0.101560,       0.000085,  0.000273,  0.000289,  0.000163, -0.000086, -0.000440, -0.970564, -0.001333,      -0.000782, -0.002979, -0.003243, -0.002271, -0.000305,  0.002503, -0.123847,  0.009631,       0.000000,  0.000000,  0.000000,  0.000000,  0.000000,  0.000000, -0.302410,  0.000000,       0.000000,  0.000000,  0.000000,  0.000000,  0.000000,  0.000000, -0.907231,  0.000000,       0.003265,  0.008111,  0.011456,  0.013975, 0.015882, 0.017264, 0.429092,  0.018530
    0.65,  0.005,     0.25,  0.015,  0.220483, 8.12193, 1.41386,  -0.006712, -0.026075, -0.023493, -0.012849, 0.002937, 0.022622, 0.044905,  1.000000, 11.7848, 3.40964,  -0.025309, -0.014901, 0.002714, 0.024575, 0.049183, 0.075264,  0.101560,  1.000000,      -0.000031, -0.000642, -0.000774, -0.000870, -0.001005, -0.001187, -0.001393, -0.957804,      -0.000169,  0.001396,  0.001808,  0.002605,  0.003986,  0.005929,  0.008229, -0.122272,       0.000000,  0.000000,  0.000000,  0.000000,  0.000000,  0.000000,  0.000000, -0.295484,       0.000000,  0.000000,  0.000000,  0.000000,  0.000000,  0.000000,  0.000000, -0.886452,      -0.005722, -0.009359, -0.007768, -0.003377, 0.002847, 0.010287, 0.018412,  0.427134